1  0  65      0  4.804   0  
1  0  3533    0  4.726   0  
1  0  3562    0  3.545   0  
1  0  3608    0  3.491   0  
1  0  141     0  3.326   0  
1  0  361     0  3.326   0  
1  0  92      0  3.231   0  
1  0  3829    0  3.182   0  
1  0  3420    0  3.127   0  
1  0  3734    0  3.056   0  
1  0  3599    0  2.963   0  
1  0  3387    0  2.963   0  
1  0  3529    0  2.957   0  
1  0  3405    0  2.903   0  
1  0  3706    0  2.754   0  
1  0  3403    0  2.647   0  
1  0  125     0  2.598   0  
1  0  3417    0  2.598   0  
1  0  3596    0  2.554   0  
1  0  177     0  2.518   0  
1  0  3503    0  2.502   0  
1  0  282     0  2.483   0  
1  0  3818    0  2.473   0  
1  0  163     0  2.412   0  
1  0  3708    0  2.373   0  
1  0  3699    0  2.322   0  
1  0  3710    0  2.283   0  
1  0  3495    0  2.283   0  
1  0  184     0  2.283   0  
1  0  3838    0  2.283   0  
1  0  3817    0  2.245   0  
1  0  3519    0  2.245   0  
1  0  3345    0  2.234   0  
1  0  3680    0  2.155   0  
1  0  270     0  2.155   0  
1  0  3890    0  2.155   0  
1  0  3407    0  2.155   0  
1  0  314     0  2.102   0  
1  0  3535    0  2.102   0  
1  0  3606    0  2.064   0  
1  0  3590    0  1.974   0  
1  0  3705    0  1.974   0  
1  0  3834    0  1.974   0  
1  0  3327    0  1.974   0  
1  0  3441    0  1.974   0  
1  0  3622    0  1.936   0  
1  0  170     0  1.936   0  
1  0  3775    0  1.936   0  
1  0  33      0  1.936   0  
1  0  3827    0  1.936   0  
1  0  3337    0  1.936   0  
1  0  268     0  1.936   0  
1  0  3700    0  1.826   0  
1  0  352     0  1.784   0  
1  0  3589    0  1.755   0  
1  0  16      0  1.755   0  
1  0  24      0  1.755   0  
1  0  3617    0  1.755   0  
1  0  39      0  1.755   0  
1  0  3707    0  1.755   0  
1  0  172     0  1.755   0  
1  0  3816    0  1.755   0  
1  0  3835    0  1.755   0  
1  0  3343    0  1.755   0  
1  0  326     0  1.755   0  
1  0  3937    0  1.755   0  
1  0  3449    0  1.755   0  
1  0  3490    0  1.755   0  
1  0  3582    0  1.755   0  
1  0  3329    0  1.720   0  
1  0  3531    0  1.676   0  
1  0  3530    0  1.605   0  
1  0  3354    0  1.571   0  
1  0  220     0  1.571   0  
1  0  3351    0  1.571   0  
1  0  3356    0  1.571   0  
1  0  3561    0  1.563   0  
1  0  287     0  1.517   0  
1  0  3472    0  1.517   0  
1  0  216     0  1.486   0  
1  0  3504    0  1.486   0  
1  0  3528    0  1.456   0  
1  0  3532    0  1.423   0  
1  0  3876    0  1.386   0  
1  0  360     0  1.344   0  
1  0  3591    0  1.336   0  
1  0  3658    0  1.336   0  
1  0  106     0  1.336   0  
1  0  3694    0  1.336   0  
1  0  3709    0  1.336   0  
1  0  3788    0  1.336   0  
1  0  3820    0  1.336   0  
1  0  3830    0  1.336   0  
1  0  3939    0  1.336   0  
1  0  366     0  1.336   0  
1  0  3592    0  1.295   0  
1  0  3704    0  1.295   0  
1  0  146     0  1.237   0  
1  0  262     0  1.237   0  
1  0  3614    0  1.208   0  
1  0  12      0  1.208   0  
1  0  3768    0  1.208   0  
1  0  15      0  1.208   0  
1  0  95      0  1.208   0  
1  0  129     0  1.208   0  
1  0  247     0  1.208   0  
1  0  3746    0  1.208   0  
1  0  3797    0  1.208   0  
1  0  217     0  1.208   0  
1  0  274     0  1.208   0  
1  0  3867    0  1.208   0  
1  0  3633    0  1.208   0  
1  0  3369    0  1.208   0  
1  0  3379    0  1.208   0  
1  0  327     0  1.208   0  
1  0  3922    0  1.208   0  
1  0  3925    0  1.208   0  
1  0  145     0  1.208   0  
1  0  3436    0  1.208   0  
1  0  234     0  1.208   0  
1  0  27      0  1.208   0  
1  0  3515    0  1.208   0  
1  0  3517    0  1.208   0  
1  0  3659    0  1.208   0  
1  0  3549    0  1.208   0  
1  0  3551    0  1.208   0  
1  0  23      0  1.167   0  
1  0  3771    0  1.167   0  
1  0  3821    0  1.167   0  
1  0  3831    0  1.167   0  
1  0  3412    0  1.167   0  
1  0  3567    0  1.167   0  
1  0  3593    0  1.076   0  
1  0  3342    0  1.076   0  
1  0  3781    0  1.076   0  
1  0  3805    0  1.076   0  
1  0  3625    0  1.076   0  
1  0  3336    0  1.076   0  
1  0  3409    0  1.076   0  
1  0  3928    0  1.076   0  
1  0  3525    0  1.076   0  
1  0  3586    0  1.027   0  
1  0  3602    0  1.027   0  
1  0  42      0  1.027   0  
1  0  3636    0  1.027   0  
1  0  3661    0  1.027   0  
1  0  3666    0  1.027   0  
1  0  3673    0  1.027   0  
1  0  112     0  1.027   0  
1  0  161     0  1.027   0  
1  0  171     0  1.027   0  
1  0  3760    0  1.027   0  
1  0  3790    0  1.027   0  
1  0  3795    0  1.027   0  
1  0  3822    0  1.027   0  
1  0  248     0  1.027   0  
1  0  3324    0  1.027   0  
1  0  3865    0  1.027   0  
1  0  3390    0  1.027   0  
1  0  3396    0  1.027   0  
1  0  3404    0  1.027   0  
1  0  3932    0  1.027   0  
1  0  351     0  1.027   0  
1  0  3439    0  1.027   0  
1  0  3444    0  1.027   0  
1  0  375     0  1.027   0  
1  0  3460    0  1.027   0  
1  0  3469    0  1.027   0  
1  0  3470    0  1.027   0  
1  0  3494    0  1.027   0  
1  0  3537    0  1.027   0  
1  0  3542    0  1.027   0  
1  0  3580    0  1.027   0  
1  0  3610    0  0.947   0  
1  0  32      0  0.947   0  
1  0  113     0  0.947   0  
1  0  3607    0  0.947   0  
1  0  144     0  0.947   0  
1  0  173     0  0.947   0  
1  0  3793    0  0.947   0  
1  0  228     0  0.947   0  
1  0  241     0  0.947   0  
1  0  3374    0  0.947   0  
1  0  3812    0  0.947   0  
1  0  313     0  0.947   0  
1  0  325     0  0.947   0  
1  0  329     0  0.947   0  
1  0  3388    0  0.947   0  
1  0  3437    0  0.947   0  
1  0  370     0  0.947   0  
1  0  3401    0  0.947   0  
1  0  3548    0  0.947   0  
1  0  3       0  0.728   0  
1  0  3415    0  0.728   0  
1  0  3597    0  0.728   0  
1  0  14      0  0.728   0  
1  0  3604    0  0.728   0  
1  0  3611    0  0.728   0  
1  0  3612    0  0.728   0  
1  0  3613    0  0.728   0  
1  0  34      0  0.728   0  
1  0  3846    0  0.728   0  
1  0  41      0  0.728   0  
1  0  43      0  0.728   0  
1  0  3628    0  0.728   0  
1  0  3629    0  0.728   0  
1  0  46      0  0.728   0  
1  0  3848    0  0.728   0  
1  0  3849    0  0.728   0  
1  0  3595    0  0.728   0  
1  0  3653    0  0.728   0  
1  0  3654    0  0.728   0  
1  0  3511    0  0.728   0  
1  0  3672    0  0.728   0  
1  0  3692    0  0.728   0  
1  0  3693    0  0.728   0  
1  0  3701    0  0.728   0  
1  0  3714    0  0.728   0  
1  0  3715    0  0.728   0  
1  0  3726    0  0.728   0  
1  0  3841    0  0.728   0  
1  0  168     0  0.728   0  
1  0  175     0  0.728   0  
1  0  178     0  0.728   0  
1  0  185     0  0.728   0  
1  0  186     0  0.728   0  
1  0  190     0  0.728   0  
1  0  3618    0  0.728   0  
1  0  3792    0  0.728   0  
1  0  226     0  0.728   0  
1  0  3824    0  0.728   0  
1  0  3826    0  0.728   0  
1  0  3828    0  0.728   0  
1  0  315     0  0.728   0  
1  0  257     0  0.728   0  
1  0  3842    0  0.728   0  
1  0  3331    0  0.728   0  
1  0  3332    0  0.728   0  
1  0  3333    0  0.728   0  
1  0  3341    0  0.728   0  
1  0  3347    0  0.728   0  
1  0  3630    0  0.728   0  
1  0  3869    0  0.728   0  
1  0  304     0  0.728   0  
1  0  316     0  0.728   0  
1  0  317     0  0.728   0  
1  0  319     0  0.728   0  
1  0  322     0  0.728   0  
1  0  328     0  0.728   0  
1  0  3913    0  0.728   0  
1  0  3929    0  0.728   0  
1  0  357     0  0.728   0  
1  0  3443    0  0.728   0  
1  0  3473    0  0.728   0  
1  0  3474    0  0.728   0  
1  0  3475    0  0.728   0  
1  0  3480    0  0.728   0  
1  0  3481    0  0.728   0  
1  0  3482    0  0.728   0  
1  0  3397    0  0.728   0  
1  0  3901    0  0.728   0  
1  0  3498    0  0.728   0  
1  0  3527    0  0.728   0  
1  0  3543    0  0.728   0  
1  0  3563    0  0.728   0  
1  0  3569    0  0.728   0  
1  0  3669    0  0.728   0  
2  0  3549    0  7.040   0  
2  0  305     0  6.839   0  
2  0  288     0  6.674   0  
2  0  223     0  6.125   0  
2  0  3762    0  4.863   0  
2  0  219     0  4.863   0  
2  0  3663    0  4.541   0  
2  0  3766    0  3.992   0  
2  0  188     0  3.884   0  
2  0  3360    0  3.099   0  
2  0  3408    0  3.032   0  
2  0  3390    0  2.850   0  
2  0  3547    0  2.821   0  
2  0  3724    0  2.799   0  
2  0  3856    0  2.799   0  
2  0  226     0  2.755   0  
2  0  60      0  2.528   0  
2  0  103     0  2.528   0  
2  0  3738    0  2.462   0  
2  0  3448    0  2.462   0  
2  0  3545    0  2.462   0  
2  0  3359    0  2.373   0  
2  0  361     0  2.198   0  
2  0  40      0  2.169   0  
2  0  55      0  2.169   0  
2  0  143     0  2.169   0  
2  0  195     0  2.169   0  
2  0  3911    0  2.169   0  
2  0  3421    0  2.169   0  
2  0  3446    0  2.169   0  
2  0  3449    0  2.169   0  
2  0  3473    0  2.169   0  
2  0  3495    0  1.905   0  
2  0  31      0  1.824   0  
2  0  111     0  1.824   0  
2  0  286     0  1.824   0  
2  0  3666    0  1.733   0  
2  0  275     0  1.656   0  
2  0  3567    0  1.656   0  
2  0  3503    0  1.553   0  
2  0  3533    0  1.553   0  
2  0  3693    0  1.440   0  
2  0  110     0  1.440   0  
2  0  145     0  1.440   0  
2  0  225     0  1.440   0  
2  0  3947    0  1.440   0  
2  0  372     0  1.440   0  
2  0  3515    0  1.440   0  
2  0  3       0  1.268   0  
2  0  3631    0  1.268   0  
2  0  3665    0  1.268   0  
2  0  3697    0  1.268   0  
2  0  3714    0  1.268   0  
2  0  3720    0  1.268   0  
2  0  3439    0  1.268   0  
2  0  197     0  1.268   0  
2  0  351     0  1.268   0  
2  0  344     0  1.268   0  
2  0  3418    0  1.268   0  
2  0  3932    0  1.268   0  
2  0  3434    0  1.268   0  
2  0  3459    0  1.268   0  
2  0  3506    0  1.268   0  
2  0  3552    0  1.268   0  
2  0  3579    0  1.268   0  
2  0  3584    0  1.194   0  
2  0  3643    0  1.194   0  
2  0  3645    0  1.194   0  
2  0  65      0  1.194   0  
2  0  3653    0  1.194   0  
2  0  3349    0  1.194   0  
2  0  129     0  1.194   0  
2  0  3726    0  1.194   0  
2  0  3744    0  1.194   0  
2  0  165     0  1.194   0  
2  0  3760    0  1.194   0  
2  0  177     0  1.194   0  
2  0  186     0  1.194   0  
2  0  3781    0  1.194   0  
2  0  201     0  1.194   0  
2  0  3788    0  1.194   0  
2  0  212     0  1.194   0  
2  0  218     0  1.194   0  
2  0  3827    0  1.194   0  
2  0  3325    0  1.194   0  
2  0  262     0  1.194   0  
2  0  266     0  1.194   0  
2  0  277     0  1.194   0  
2  0  3366    0  1.194   0  
2  0  3382    0  1.194   0  
2  0  323     0  1.194   0  
2  0  3407    0  1.194   0  
2  0  337     0  1.194   0  
2  0  3925    0  1.194   0  
2  0  3414    0  1.194   0  
2  0  3935    0  1.194   0  
2  0  3437    0  1.194   0  
2  0  367     0  1.194   0  
2  0  3505    0  1.194   0  
2  0  3561    0  1.194   0  
2  0  3599    0  0.975   0  
2  0  19      0  0.975   0  
2  0  3620    0  0.975   0  
2  0  56      0  0.975   0  
2  0  66      0  0.975   0  
2  0  3667    0  0.975   0  
2  0  3344    0  0.975   0  
2  0  3943    0  0.975   0  
2  0  3698    0  0.975   0  
2  0  166     0  0.975   0  
2  0  178     0  0.975   0  
2  0  3771    0  0.975   0  
2  0  3773    0  0.975   0  
2  0  198     0  0.975   0  
2  0  3822    0  0.975   0  
2  0  241     0  0.975   0  
2  0  245     0  0.975   0  
2  0  247     0  0.975   0  
2  0  255     0  0.975   0  
2  0  258     0  0.975   0  
2  0  3335    0  0.975   0  
2  0  3336    0  0.975   0  
2  0  3343    0  0.975   0  
2  0  3860    0  0.975   0  
2  0  3867    0  0.975   0  
2  0  3802    0  0.975   0  
2  0  3891    0  0.975   0  
2  0  3380    0  0.975   0  
2  0  3385    0  0.975   0  
2  0  3388    0  0.975   0  
2  0  310     0  0.975   0  
2  0  3404    0  0.975   0  
2  0  3931    0  0.975   0  
2  0  359     0  0.975   0  
2  0  3944    0  0.975   0  
2  0  364     0  0.975   0  
2  0  3442    0  0.975   0  
2  0  371     0  0.975   0  
2  0  375     0  0.975   0  
2  0  3462    0  0.975   0  
2  0  3423    0  0.975   0  
2  0  3782    0  0.975   0  
2  0  3521    0  0.975   0  
2  0  3530    0  0.975   0  
2  0  3538    0  0.975   0  
2  0  374     0  0.975   0  
2  0  3569    0  0.975   0  
2  0  3327    0  0.975   0  
3  0  3354    0  4.611   0  
3  0  3345    0  4.509   0  
3  0  268     0  3.661   0  
3  0  328     0  3.482   0  
3  0  21      0  3.398   0  
3  0  304     0  3.372   0  
3  0  313     0  3.344   0  
3  0  3790    0  3.180   0  
3  0  55      0  3.046   0  
3  0  217     0  2.849   0  
3  0  361     0  2.835   0  
3  0  3789    0  2.716   0  
3  0  3635    0  2.668   0  
3  0  125     0  2.655   0  
3  0  3506    0  2.651   0  
3  0  3495    0  2.514   0  
3  0  46      0  2.507   0  
3  0  3653    0  2.507   0  
3  0  241     0  2.453   0  
3  0  3879    0  2.432   0  
3  0  3671    0  2.360   0  
3  0  3856    0  2.272   0  
3  0  287     0  2.250   0  
3  0  254     0  2.238   0  
3  0  3419    0  2.238   0  
3  0  3562    0  2.238   0  
3  0  3775    0  2.238   0  
3  0  3793    0  2.238   0  
3  0  66      0  2.142   0  
3  0  3356    0  2.043   0  
3  0  360     0  2.035   0  
3  0  3409    0  2.030   0  
3  0  3496    0  2.030   0  
3  0  3636    0  2.030   0  
3  0  3853    0  2.030   0  
3  0  12      0  1.991   0  
3  0  3390    0  1.975   0  
3  0  3663    0  1.975   0  
3  0  351     0  1.917   0  
3  0  3503    0  1.907   0  
3  0  3329    0  1.875   0  
3  0  15      0  1.831   0  
3  0  3546    0  1.815   0  
3  0  3595    0  1.815   0  
3  0  118     0  1.795   0  
3  0  3349    0  1.788   0  
3  0  311     0  1.782   0  
3  0  3571    0  1.755   0  
3  0  3692    0  1.750   0  
3  0  366     0  1.731   0  
3  0  3578    0  1.731   0  
3  0  3799    0  1.731   0  
3  0  16      0  1.712   0  
3  0  3458    0  1.712   0  
3  0  199     0  1.709   0  
3  0  3701    0  1.709   0  
3  0  3938    0  1.685   0  
3  0  138     0  1.666   0  
3  0  248     0  1.644   0  
3  0  3622    0  1.626   0  
3  0  341     0  1.606   0  
3  0  3530    0  1.587   0  
3  0  3411    0  1.542   0  
3  0  3560    0  1.522   0  
3  0  3832    0  1.522   0  
3  0  3838    0  1.522   0  
3  0  3947    0  1.504   0  
3  0  3797    0  1.500   0  
3  0  3376    0  1.458   0  
3  0  3605    0  1.458   0  
3  0  3494    0  1.414   0  
3  0  39      0  1.398   0  
3  0  44      0  1.398   0  
3  0  331     0  1.398   0  
3  0  3606    0  1.398   0  
3  0  3849    0  1.398   0  
3  0  3911    0  1.398   0  
3  0  65      0  1.385   0  
3  0  43      0  1.379   0  
3  0  135     0  1.379   0  
3  0  151     0  1.379   0  
3  0  169     0  1.379   0  
3  0  310     0  1.379   0  
3  0  3461    0  1.379   0  
3  0  3509    0  1.379   0  
3  0  3412    0  1.353   0  
3  0  31      0  1.337   0  
3  0  101     0  1.337   0  
3  0  308     0  1.337   0  
3  0  3355    0  1.337   0  
3  0  3449    0  1.337   0  
3  0  3558    0  1.337   0  
3  0  3579    0  1.337   0  
3  0  3680    0  1.337   0  
3  0  3727    0  1.337   0  
3  0  137     0  1.314   0  
3  0  184     0  1.314   0  
3  0  371     0  1.314   0  
3  0  3336    0  1.314   0  
3  0  3367    0  1.314   0  
3  0  3522    0  1.314   0  
3  0  3630    0  1.314   0  
3  0  3830    0  1.314   0  
3  0  318     0  1.278   0  
3  0  3696    0  1.278   0  
3  0  3468    0  1.231   0  
3  0  3644    0  1.231   0  
3  0  3699    0  1.231   0  
3  0  37      0  1.177   0  
3  0  148     0  1.177   0  
3  0  314     0  1.177   0  
3  0  3536    0  1.177   0  
3  0  146     0  1.170   0  
3  0  207     0  1.170   0  
3  0  277     0  1.170   0  
3  0  3515    0  1.170   0  
3  0  3521    0  1.170   0  
3  0  3643    0  1.170   0  
3  0  3652    0  1.170   0  
3  0  3658    0  1.170   0  
3  0  3740    0  1.170   0  
3  0  3810    0  1.170   0  
3  0  3826    0  1.170   0  
3  0  3846    0  1.170   0  
3  0  3850    0  1.170   0  
3  0  3887    0  1.170   0  
3  0  3937    0  1.170   0  
3  0  145     0  1.109   0  
3  0  312     0  1.109   0  
3  0  357     0  1.109   0  
3  0  3351    0  1.109   0  
3  0  3387    0  1.109   0  
3  0  3413    0  1.109   0  
3  0  3460    0  1.109   0  
3  0  3551    0  1.109   0  
3  0  3773    0  1.109   0  
3  0  3852    0  1.109   0  
3  0  20      0  1.023   0  
3  0  113     0  1.023   0  
3  0  282     0  1.023   0  
3  0  367     0  1.023   0  
3  0  3405    0  1.023   0  
3  0  3531    0  1.023   0  
3  0  3533    0  1.023   0  
3  0  3561    0  1.023   0  
3  0  3633    0  1.023   0  
3  0  3695    0  1.023   0  
3  0  3734    0  1.023   0  
3  0  3796    0  1.023   0  
3  0  3370    0  1.010   0  
3  0  3417    0  0.975   0  
3  0  48      0  0.933   0  
3  0  200     0  0.933   0  
3  0  3907    0  0.933   0  
3  0  186     0  0.909   0  
3  0  245     0  0.901   0  
3  0  315     0  0.901   0  
3  0  3392    0  0.901   0  
3  0  3443    0  0.901   0  
3  0  3528    0  0.901   0  
3  0  3535    0  0.901   0  
3  0  3569    0  0.901   0  
3  0  3787    0  0.901   0  
3  0  3788    0  0.901   0  
3  0  3927    0  0.901   0  
3  0  3925    0  0.881   0  
3  0  3944    0  0.881   0  
3  0  3369    0  0.849   0  
3  0  3489    0  0.849   0  
3  0  3563    0  0.849   0  
3  0  38      0  0.811   0  
3  0  134     0  0.811   0  
3  0  203     0  0.811   0  
3  0  247     0  0.811   0  
3  0  285     0  0.811   0  
3  0  307     0  0.811   0  
3  0  358     0  0.811   0  
3  0  3718    0  0.811   0  
3  0  177     0  0.765   0  
3  0  213     0  0.765   0  
3  0  323     0  0.765   0  
3  0  3432    0  0.765   0  
3  0  3628    0  0.765   0  
3  0  3693    0  0.765   0  
3  0  3715    0  0.765   0  
3  0  3761    0  0.765   0  
3  0  3912    0  0.765   0  
3  0  3914    0  0.765   0  
3  0  2       0  0.705   0  
3  0  32      0  0.705   0  
3  0  35      0  0.705   0  
3  0  47      0  0.705   0  
3  0  60      0  0.705   0  
3  0  79      0  0.705   0  
3  0  89      0  0.705   0  
3  0  103     0  0.705   0  
3  0  105     0  0.705   0  
3  0  140     0  0.705   0  
3  0  171     0  0.705   0  
3  0  182     0  0.705   0  
3  0  259     0  0.705   0  
3  0  265     0  0.705   0  
3  0  3331    0  0.705   0  
3  0  3342    0  0.705   0  
3  0  3565    0  0.705   0  
3  0  3620    0  0.705   0  
3  0  3698    0  0.705   0  
3  0  3844    0  0.705   0  
3  0  4       0  0.693   0  
3  0  23      0  0.693   0  
3  0  25      0  0.693   0  
3  0  78      0  0.693   0  
3  0  128     0  0.693   0  
3  0  131     0  0.693   0  
3  0  149     0  0.693   0  
3  0  161     0  0.693   0  
3  0  163     0  0.693   0  
3  0  189     0  0.693   0  
3  0  191     0  0.693   0  
3  0  201     0  0.693   0  
3  0  218     0  0.693   0  
3  0  220     0  0.693   0  
3  0  221     0  0.693   0  
3  0  224     0  0.693   0  
3  0  329     0  0.693   0  
3  0  336     0  0.693   0  
3  0  368     0  0.693   0  
3  0  3372    0  0.693   0  
3  0  3378    0  0.693   0  
3  0  3379    0  0.693   0  
3  0  3397    0  0.693   0  
3  0  3399    0  0.693   0  
3  0  3410    0  0.693   0  
3  0  3435    0  0.693   0  
3  0  3440    0  0.693   0  
3  0  3441    0  0.693   0  
3  0  3466    0  0.693   0  
3  0  3470    0  0.693   0  
3  0  3504    0  0.693   0  
3  0  3517    0  0.693   0  
3  0  3519    0  0.693   0  
3  0  3544    0  0.693   0  
3  0  3559    0  0.693   0  
3  0  3570    0  0.693   0  
3  0  3583    0  0.693   0  
3  0  3591    0  0.693   0  
3  0  3632    0  0.693   0  
3  0  3645    0  0.693   0  
3  0  3659    0  0.693   0  
3  0  3694    0  0.693   0  
3  0  3702    0  0.693   0  
3  0  3709    0  0.693   0  
3  0  3726    0  0.693   0  
3  0  3733    0  0.693   0  
3  0  3750    0  0.693   0  
3  0  3759    0  0.693   0  
3  0  3760    0  0.693   0  
3  0  3772    0  0.693   0  
3  0  3774    0  0.693   0  
3  0  3792    0  0.693   0  
3  0  3801    0  0.693   0  
3  0  3807    0  0.693   0  
3  0  3823    0  0.693   0  
3  0  3854    0  0.693   0  
3  0  3860    0  0.693   0  
3  0  3892    0  0.693   0  
3  0  3902    0  0.693   0  
3  0  3917    0  0.693   0  
3  0  3936    0  0.693   0  
3  0  77      0  0.621   0  
3  0  115     0  0.621   0  
3  0  139     0  0.621   0  
3  0  143     0  0.621   0  
3  0  164     0  0.621   0  
3  0  166     0  0.621   0  
3  0  172     0  0.621   0  
3  0  175     0  0.621   0  
3  0  222     0  0.621   0  
3  0  270     0  0.621   0  
3  0  273     0  0.621   0  
3  0  321     0  0.621   0  
3  0  335     0  0.621   0  
3  0  348     0  0.621   0  
3  0  349     0  0.621   0  
3  0  352     0  0.621   0  
3  0  369     0  0.621   0  
3  0  372     0  0.621   0  
3  0  3335    0  0.621   0  
3  0  3339    0  0.621   0  
3  0  3341    0  0.621   0  
3  0  3368    0  0.621   0  
3  0  3414    0  0.621   0  
3  0  3415    0  0.621   0  
3  0  3418    0  0.621   0  
3  0  3459    0  0.621   0  
3  0  3462    0  0.621   0  
3  0  3604    0  0.621   0  
3  0  3608    0  0.621   0  
3  0  3625    0  0.621   0  
3  0  3627    0  0.621   0  
3  0  3641    0  0.621   0  
3  0  3739    0  0.621   0  
3  0  3745    0  0.621   0  
3  0  3786    0  0.621   0  
3  0  3795    0  0.621   0  
3  0  3866    0  0.621   0  
3  0  3886    0  0.621   0  
3  0  3923    0  0.621   0  
3  0  3928    0  0.621   0  
3  0  3929    0  0.621   0  
3  0  3932    0  0.621   0  
3  0  13      0  0.478   0  
3  0  68      0  0.478   0  
3  0  69      0  0.478   0  
3  0  70      0  0.478   0  
3  0  71      0  0.478   0  
3  0  72      0  0.478   0  
3  0  73      0  0.478   0  
3  0  74      0  0.478   0  
3  0  75      0  0.478   0  
3  0  76      0  0.478   0  
3  0  82      0  0.478   0  
3  0  90      0  0.478   0  
3  0  92      0  0.478   0  
3  0  129     0  0.478   0  
3  0  130     0  0.478   0  
3  0  133     0  0.478   0  
3  0  136     0  0.478   0  
3  0  141     0  0.478   0  
3  0  156     0  0.478   0  
3  0  165     0  0.478   0  
3  0  167     0  0.478   0  
3  0  168     0  0.478   0  
3  0  170     0  0.478   0  
3  0  173     0  0.478   0  
3  0  174     0  0.478   0  
3  0  176     0  0.478   0  
3  0  178     0  0.478   0  
3  0  179     0  0.478   0  
3  0  180     0  0.478   0  
3  0  181     0  0.478   0  
3  0  183     0  0.478   0  
3  0  185     0  0.478   0  
3  0  205     0  0.478   0  
3  0  206     0  0.478   0  
3  0  208     0  0.478   0  
3  0  212     0  0.478   0  
3  0  250     0  0.478   0  
3  0  251     0  0.478   0  
3  0  255     0  0.478   0  
3  0  262     0  0.478   0  
3  0  274     0  0.478   0  
3  0  275     0  0.478   0  
3  0  276     0  0.478   0  
3  0  278     0  0.478   0  
3  0  279     0  0.478   0  
3  0  289     0  0.478   0  
3  0  306     0  0.478   0  
3  0  319     0  0.478   0  
3  0  320     0  0.478   0  
3  0  322     0  0.478   0  
3  0  324     0  0.478   0  
3  0  325     0  0.478   0  
3  0  326     0  0.478   0  
3  0  327     0  0.478   0  
3  0  330     0  0.478   0  
3  0  346     0  0.478   0  
3  0  3327    0  0.478   0  
3  0  3328    0  0.478   0  
3  0  3330    0  0.478   0  
3  0  3332    0  0.478   0  
3  0  3333    0  0.478   0  
3  0  3334    0  0.478   0  
3  0  3337    0  0.478   0  
3  0  3338    0  0.478   0  
3  0  3340    0  0.478   0  
3  0  3347    0  0.478   0  
3  0  3348    0  0.478   0  
3  0  3350    0  0.478   0  
3  0  3371    0  0.478   0  
3  0  3380    0  0.478   0  
3  0  3385    0  0.478   0  
3  0  3389    0  0.478   0  
3  0  3404    0  0.478   0  
3  0  3416    0  0.478   0  
3  0  3442    0  0.478   0  
3  0  3478    0  0.478   0  
3  0  3480    0  0.478   0  
3  0  3481    0  0.478   0  
3  0  3487    0  0.478   0  
3  0  3492    0  0.478   0  
3  0  3502    0  0.478   0  
3  0  3508    0  0.478   0  
3  0  3510    0  0.478   0  
3  0  3512    0  0.478   0  
3  0  3537    0  0.478   0  
3  0  3541    0  0.478   0  
3  0  3567    0  0.478   0  
3  0  3573    0  0.478   0  
3  0  3576    0  0.478   0  
3  0  3602    0  0.478   0  
3  0  3607    0  0.478   0  
3  0  3609    0  0.478   0  
3  0  3610    0  0.478   0  
3  0  3611    0  0.478   0  
3  0  3612    0  0.478   0  
3  0  3613    0  0.478   0  
3  0  3614    0  0.478   0  
3  0  3615    0  0.478   0  
3  0  3616    0  0.478   0  
3  0  3617    0  0.478   0  
3  0  3618    0  0.478   0  
3  0  3619    0  0.478   0  
3  0  3621    0  0.478   0  
3  0  3623    0  0.478   0  
3  0  3624    0  0.478   0  
3  0  3626    0  0.478   0  
3  0  3646    0  0.478   0  
3  0  3648    0  0.478   0  
3  0  3661    0  0.478   0  
3  0  3662    0  0.478   0  
3  0  3685    0  0.478   0  
3  0  3721    0  0.478   0  
3  0  3722    0  0.478   0  
3  0  3742    0  0.478   0  
3  0  3743    0  0.478   0  
3  0  3744    0  0.478   0  
3  0  3746    0  0.478   0  
3  0  3755    0  0.478   0  
3  0  3758    0  0.478   0  
3  0  3768    0  0.478   0  
3  0  3769    0  0.478   0  
3  0  3779    0  0.478   0  
3  0  3794    0  0.478   0  
3  0  3804    0  0.478   0  
3  0  3809    0  0.478   0  
3  0  3819    0  0.478   0  
3  0  3822    0  0.478   0  
3  0  3827    0  0.478   0  
3  0  3828    0  0.478   0  
3  0  3829    0  0.478   0  
3  0  3831    0  0.478   0  
3  0  3833    0  0.478   0  
3  0  3834    0  0.478   0  
3  0  3835    0  0.478   0  
3  0  3836    0  0.478   0  
3  0  3837    0  0.478   0  
3  0  3839    0  0.478   0  
3  0  3840    0  0.478   0  
3  0  3841    0  0.478   0  
3  0  3842    0  0.478   0  
3  0  3843    0  0.478   0  
3  0  3845    0  0.478   0  
3  0  3847    0  0.478   0  
3  0  3848    0  0.478   0  
3  0  3867    0  0.478   0  
3  0  3868    0  0.478   0  
3  0  3870    0  0.478   0  
3  0  3880    0  0.478   0  
3  0  3881    0  0.478   0  
3  0  3882    0  0.478   0  
3  0  3906    0  0.478   0  
3  0  3908    0  0.478   0  
3  0  3909    0  0.478   0  
3  0  3915    0  0.478   0  
3  0  3918    0  0.478   0  
3  0  3921    0  0.478   0  
3  0  3946    0  0.478   0  
4  0  351     0  3.229   0  
4  0  3938    0  3.228   0  
4  0  3334    0  2.834   0  
4  0  3532    0  2.722   0  
4  0  3932    0  2.415   0  
4  0  3820    0  2.262   0  
4  0  3826    0  2.262   0  
4  0  3629    0  2.109   0  
4  0  143     0  2.109   0  
4  0  3338    0  2.109   0  
4  0  272     0  2.109   0  
4  0  370     0  2.109   0  
4  0  3561    0  2.084   0  
4  0  16      0  1.602   0  
4  0  3504    0  1.602   0  
4  0  3654    0  1.602   0  
4  0  94      0  1.602   0  
4  0  3533    0  1.602   0  
4  0  96      0  1.602   0  
4  0  3330    0  1.602   0  
4  0  3336    0  1.602   0  
4  0  3376    0  1.602   0  
4  0  3565    0  1.602   0  
4  0  3485    0  1.602   0  
4  0  3505    0  1.602   0  
4  0  3503    0  1.225   0  
4  0  3437    0  1.167   0  
4  0  133     0  1.156   0  
4  0  129     0  1.144   0  
4  0  3933    0  1.131   0  
4  0  3937    0  1.131   0  
4  0  3915    0  1.131   0  
4  0  3418    0  1.104   0  
4  0  3645    0  1.089   0  
4  0  3641    0  1.072   0  
4  0  255     0  1.072   0  
4  0  3410    0  1.055   0  
4  0  3926    0  1.014   0  
4  0  3897    0  1.014   0  
4  0  3417    0  1.014   0  
4  0  3370    0  0.991   0  
4  0  135     0  0.965   0  
4  0  138     0  0.965   0  
4  0  3412    0  0.965   0  
4  0  3413    0  0.965   0  
4  0  3495    0  0.965   0  
4  0  3931    0  0.936   0  
4  0  3936    0  0.936   0  
4  0  3908    0  0.936   0  
4  0  3786    0  0.936   0  
4  0  3793    0  0.936   0  
4  0  3920    0  0.936   0  
4  0  3445    0  0.936   0  
4  0  3912    0  0.936   0  
4  0  101     0  0.902   0  
4  0  3746    0  0.902   0  
4  0  3929    0  0.902   0  
4  0  327     0  0.902   0  
4  0  3401    0  0.902   0  
4  0  3435    0  0.902   0  
4  0  371     0  0.902   0  
4  0  3509    0  0.902   0  
4  0  37      0  0.862   0  
4  0  139     0  0.862   0  
4  0  3443    0  0.862   0  
4  0  3947    0  0.862   0  
4  0  274     0  0.862   0  
4  0  335     0  0.862   0  
4  0  3411    0  0.862   0  
4  0  3414    0  0.862   0  
4  0  3389    0  0.862   0  
4  0  3415    0  0.813   0  
4  0  3602    0  0.813   0  
4  0  3642    0  0.813   0  
4  0  3726    0  0.813   0  
4  0  144     0  0.813   0  
4  0  153     0  0.813   0  
4  0  186     0  0.813   0  
4  0  213     0  0.813   0  
4  0  3331    0  0.813   0  
4  0  268     0  0.813   0  
4  0  270     0  0.813   0  
4  0  276     0  0.813   0  
4  0  3379    0  0.813   0  
4  0  3906    0  0.813   0  
4  0  3416    0  0.813   0  
4  0  3387    0  0.813   0  
4  0  375     0  0.813   0  
4  0  3449    0  0.813   0  
4  0  3459    0  0.813   0  
4  0  3460    0  0.813   0  
4  0  3699    0  0.813   0  
4  0  3924    0  0.813   0  
4  0  19      0  0.749   0  
4  0  38      0  0.749   0  
4  0  71      0  0.749   0  
4  0  3907    0  0.749   0  
4  0  3788    0  0.749   0  
4  0  140     0  0.749   0  
4  0  188     0  0.749   0  
4  0  197     0  0.749   0  
4  0  206     0  0.749   0  
4  0  207     0  0.749   0  
4  0  224     0  0.749   0  
4  0  262     0  0.749   0  
4  0  3716    0  0.749   0  
4  0  284     0  0.749   0  
4  0  3790    0  0.749   0  
4  0  3718    0  0.749   0  
4  0  3886    0  0.749   0  
4  0  3390    0  0.749   0  
4  0  3439    0  0.749   0  
4  0  328     0  0.749   0  
4  0  352     0  0.749   0  
4  0  3434    0  0.749   0  
4  0  3458    0  0.749   0  
4  0  3492    0  0.749   0  
4  0  3692    0  0.749   0  
4  0  3919    0  0.749   0  
4  0  3911    0  0.749   0  
4  0  3921    0  0.749   0  
4  0  3588    0  0.660   0  
4  0  12      0  0.660   0  
4  0  14      0  0.660   0  
4  0  3928    0  0.660   0  
4  0  3744    0  0.660   0  
4  0  46      0  0.660   0  
4  0  3935    0  0.660   0  
4  0  3900    0  0.660   0  
4  0  3925    0  0.660   0  
4  0  3342    0  0.660   0  
4  0  3680    0  0.660   0  
4  0  103     0  0.660   0  
4  0  108     0  0.660   0  
4  0  3693    0  0.660   0  
4  0  3694    0  0.660   0  
4  0  114     0  0.660   0  
4  0  3349    0  0.660   0  
4  0  131     0  0.660   0  
4  0  137     0  0.660   0  
4  0  141     0  0.660   0  
4  0  3868    0  0.660   0  
4  0  3939    0  0.660   0  
4  0  3769    0  0.660   0  
4  0  3775    0  0.660   0  
4  0  198     0  0.660   0  
4  0  3804    0  0.660   0  
4  0  3809    0  0.660   0  
4  0  3757    0  0.660   0  
4  0  244     0  0.660   0  
4  0  3838    0  0.660   0  
4  0  3923    0  0.660   0  
4  0  315     0  0.660   0  
4  0  3727    0  0.660   0  
4  0  3393    0  0.660   0  
4  0  3910    0  0.660   0  
4  0  3914    0  0.660   0  
4  0  3403    0  0.660   0  
4  0  3409    0  0.660   0  
4  0  3916    0  0.660   0  
4  0  3440    0  0.660   0  
4  0  3464    0  0.660   0  
4  0  3888    0  0.660   0  
4  0  3858    0  0.660   0  
4  0  3909    0  0.660   0  
4  0  3655    0  0.660   0  
4  0  3782    0  0.660   0  
4  0  3506    0  0.660   0  
4  0  3913    0  0.660   0  
4  0  3828    0  0.660   0  
4  0  3548    0  0.660   0  
4  0  3922    0  0.660   0  
4  0  3569    0  0.660   0  
4  0  3581    0  0.660   0  
4  0  3756    0  0.507   0  
4  0  15      0  0.507   0  
4  0  21      0  0.507   0  
4  0  23      0  0.507   0  
4  0  3853    0  0.507   0  
4  0  26      0  0.507   0  
4  0  27      0  0.507   0  
4  0  3612    0  0.507   0  
4  0  3930    0  0.507   0  
4  0  30      0  0.507   0  
4  0  31      0  0.507   0  
4  0  36      0  0.507   0  
4  0  3761    0  0.507   0  
4  0  3624    0  0.507   0  
4  0  3625    0  0.507   0  
4  0  42      0  0.507   0  
4  0  3632    0  0.507   0  
4  0  53      0  0.507   0  
4  0  55      0  0.507   0  
4  0  64      0  0.507   0  
4  0  66      0  0.507   0  
4  0  69      0  0.507   0  
4  0  72      0  0.507   0  
4  0  73      0  0.507   0  
4  0  3658    0  0.507   0  
4  0  3659    0  0.507   0  
4  0  76      0  0.507   0  
4  0  79      0  0.507   0  
4  0  3855    0  0.507   0  
4  0  3670    0  0.507   0  
4  0  88      0  0.507   0  
4  0  3673    0  0.507   0  
4  0  3599    0  0.507   0  
4  0  3772    0  0.507   0  
4  0  111     0  0.507   0  
4  0  112     0  0.507   0  
4  0  3944    0  0.507   0  
4  0  3603    0  0.507   0  
4  0  118     0  0.507   0  
4  0  3703    0  0.507   0  
4  0  3706    0  0.507   0  
4  0  132     0  0.507   0  
4  0  134     0  0.507   0  
4  0  136     0  0.507   0  
4  0  3732    0  0.507   0  
4  0  3734    0  0.507   0  
4  0  3865    0  0.507   0  
4  0  3736    0  0.507   0  
4  0  154     0  0.507   0  
4  0  155     0  0.507   0  
4  0  3742    0  0.507   0  
4  0  3598    0  0.507   0  
4  0  160     0  0.507   0  
4  0  3696    0  0.507   0  
4  0  165     0  0.507   0  
4  0  166     0  0.507   0  
4  0  171     0  0.507   0  
4  0  172     0  0.507   0  
4  0  173     0  0.507   0  
4  0  3758    0  0.507   0  
4  0  177     0  0.507   0  
4  0  3927    0  0.507   0  
4  0  180     0  0.507   0  
4  0  182     0  0.507   0  
4  0  187     0  0.507   0  
4  0  3773    0  0.507   0  
4  0  3745    0  0.507   0  
4  0  195     0  0.507   0  
4  0  199     0  0.507   0  
4  0  3785    0  0.507   0  
4  0  202     0  0.507   0  
4  0  3789    0  0.507   0  
4  0  3792    0  0.507   0  
4  0  210     0  0.507   0  
4  0  3796    0  0.507   0  
4  0  3798    0  0.507   0  
4  0  3811    0  0.507   0  
4  0  3622    0  0.507   0  
4  0  3819    0  0.507   0  
4  0  241     0  0.507   0  
4  0  3827    0  0.507   0  
4  0  3829    0  0.507   0  
4  0  248     0  0.507   0  
4  0  3834    0  0.507   0  
4  0  3844    0  0.507   0  
4  0  3713    0  0.507   0  
4  0  265     0  0.507   0  
4  0  269     0  0.507   0  
4  0  271     0  0.507   0  
4  0  3345    0  0.507   0  
4  0  277     0  0.507   0  
4  0  283     0  0.507   0  
4  0  3358    0  0.507   0  
4  0  3359    0  0.507   0  
4  0  289     0  0.507   0  
4  0  3875    0  0.507   0  
4  0  304     0  0.507   0  
4  0  3889    0  0.507   0  
4  0  3890    0  0.507   0  
4  0  308     0  0.507   0  
4  0  310     0  0.507   0  
4  0  312     0  0.507   0  
4  0  3386    0  0.507   0  
4  0  317     0  0.507   0  
4  0  3391    0  0.507   0  
4  0  3392    0  0.507   0  
4  0  324     0  0.507   0  
4  0  3397    0  0.507   0  
4  0  3404    0  0.507   0  
4  0  3405    0  0.507   0  
4  0  3918    0  0.507   0  
4  0  343     0  0.507   0  
4  0  347     0  0.507   0  
4  0  3934    0  0.507   0  
4  0  354     0  0.507   0  
4  0  3431    0  0.507   0  
4  0  361     0  0.507   0  
4  0  3436    0  0.507   0  
4  0  3438    0  0.507   0  
4  0  374     0  0.507   0  
4  0  3450    0  0.507   0  
4  0  3337    0  0.507   0  
4  0  3917    0  0.507   0  
4  0  3463    0  0.507   0  
4  0  3467    0  0.507   0  
4  0  3475    0  0.507   0  
4  0  3478    0  0.507   0  
4  0  3396    0  0.507   0  
4  0  3493    0  0.507   0  
4  0  3850    0  0.507   0  
4  0  3510    0  0.507   0  
4  0  3517    0  0.507   0  
4  0  3521    0  0.507   0  
4  0  3527    0  0.507   0  
4  0  3660    0  0.507   0  
4  0  3442    0  0.507   0  
4  0  3535    0  0.507   0  
4  0  3536    0  0.507   0  
4  0  3540    0  0.507   0  
4  0  3544    0  0.507   0  
4  0  3407    0  0.507   0  
4  0  3551    0  0.507   0  
4  0  3560    0  0.507   0  
4  0  3567    0  0.507   0  
4  0  3568    0  0.507   0  
4  0  3570    0  0.507   0  
4  0  3574    0  0.507   0  
4  0  3576    0  0.507   0  
4  0  3579    0  0.507   0  
4  0  3580    0  0.507   0  
4  0  3669    0  0.507   0  
5  0  3933    0  4.071   0  
5  0  3936    0  3.647   0  
5  0  3935    0  3.585   0  
5  0  3937    0  3.537   0  
5  0  3924    0  3.523   0  
5  0  3926    0  3.341   0  
5  0  139     0  3.267   0  
5  0  133     0  3.267   0  
5  0  3912    0  3.262   0  
5  0  140     0  3.262   0  
5  0  3915    0  3.242   0  
5  0  3929    0  3.228   0  
5  0  3938    0  3.216   0  
5  0  135     0  3.197   0  
5  0  3928    0  3.191   0  
5  0  3931    0  3.131   0  
5  0  3716    0  3.130   0  
5  0  3919    0  3.104   0  
5  0  3908    0  3.091   0  
5  0  3918    0  3.090   0  
5  0  3906    0  3.044   0  
5  0  138     0  3.028   0  
5  0  129     0  3.021   0  
5  0  3920    0  2.999   0  
5  0  3925    0  2.986   0  
5  0  137     0  2.957   0  
5  0  131     0  2.855   0  
5  0  3910    0  2.723   0  
5  0  3927    0  2.702   0  
5  0  3911    0  2.626   0  
5  0  30      0  2.618   0  
5  0  3917    0  2.618   0  
5  0  3921    0  2.543   0  
5  0  3914    0  2.537   0  
5  0  3916    0  2.537   0  
5  0  3909    0  2.537   0  
5  0  3930    0  2.455   0  
5  0  134     0  2.384   0  
5  0  3757    0  2.351   0  
5  0  3913    0  2.351   0  
5  0  3907    0  2.308   0  
5  0  3922    0  2.219   0  
5  0  136     0  2.198   0  
5  0  3598    0  2.198   0  
5  0  202     0  2.198   0  
5  0  3934    0  2.198   0  
5  0  3932    0  2.186   0  
5  0  3870    0  2.063   0  
5  0  3923    0  2.033   0  
5  0  3506    0  2.033   0  
5  0  3412    0  2.021   0  
5  0  3872    0  2.009   0  
5  0  130     0  1.948   0  
5  0  3389    0  1.917   0  
5  0  3944    0  1.880   0  
5  0  132     0  1.880   0  
5  0  171     0  1.880   0  
5  0  324     0  1.880   0  
5  0  3431    0  1.880   0  
5  0  3379    0  1.868   0  
5  0  3871    0  1.793   0  
5  0  290     0  1.793   0  
5  0  14      0  1.715   0  
5  0  3694    0  1.715   0  
5  0  141     0  1.715   0  
5  0  3569    0  1.715   0  
5  0  201     0  1.691   0  
5  0  3376    0  1.691   0  
5  0  3670    0  1.563   0  
5  0  3734    0  1.563   0  
5  0  154     0  1.563   0  
5  0  210     0  1.563   0  
5  0  3438    0  1.563   0  
5  0  3540    0  1.563   0  
5  0  3856    0  1.559   0  
5  0  59      0  1.559   0  
5  0  3822    0  1.559   0  
5  0  3652    0  1.373   0  
5  0  3503    0  1.225   0  
5  0  3437    0  1.167   0  
5  0  3418    0  1.104   0  
5  0  3645    0  1.089   0  
5  0  3641    0  1.072   0  
5  0  255     0  1.072   0  
5  0  16      0  1.056   0  
5  0  3851    0  1.056   0  
5  0  3720    0  1.056   0  
5  0  366     0  1.056   0  
5  0  157     0  1.056   0  
5  0  175     0  1.056   0  
5  0  3841    0  1.056   0  
5  0  3441    0  1.056   0  
5  0  3479    0  1.056   0  
5  0  3783    0  1.056   0  
5  0  3410    0  1.055   0  
5  0  3897    0  1.014   0  
5  0  3417    0  1.014   0  
5  0  3370    0  0.991   0  
5  0  3413    0  0.965   0  
5  0  3495    0  0.965   0  
5  0  3786    0  0.936   0  
5  0  3793    0  0.936   0  
5  0  3445    0  0.936   0  
5  0  101     0  0.902   0  
5  0  3746    0  0.902   0  
5  0  327     0  0.902   0  
5  0  3401    0  0.902   0  
5  0  3435    0  0.902   0  
5  0  371     0  0.902   0  
5  0  3509    0  0.902   0  
5  0  37      0  0.862   0  
5  0  3443    0  0.862   0  
5  0  3947    0  0.862   0  
5  0  274     0  0.862   0  
5  0  335     0  0.862   0  
5  0  3411    0  0.862   0  
5  0  3414    0  0.862   0  
5  0  3415    0  0.813   0  
5  0  3602    0  0.813   0  
5  0  3642    0  0.813   0  
5  0  3726    0  0.813   0  
5  0  144     0  0.813   0  
5  0  153     0  0.813   0  
5  0  186     0  0.813   0  
5  0  213     0  0.813   0  
5  0  3331    0  0.813   0  
5  0  268     0  0.813   0  
5  0  270     0  0.813   0  
5  0  276     0  0.813   0  
5  0  3416    0  0.813   0  
5  0  3387    0  0.813   0  
5  0  375     0  0.813   0  
5  0  3449    0  0.813   0  
5  0  3459    0  0.813   0  
5  0  3460    0  0.813   0  
5  0  3699    0  0.813   0  
5  0  19      0  0.749   0  
5  0  38      0  0.749   0  
5  0  71      0  0.749   0  
5  0  3788    0  0.749   0  
5  0  188     0  0.749   0  
5  0  197     0  0.749   0  
5  0  206     0  0.749   0  
5  0  207     0  0.749   0  
5  0  224     0  0.749   0  
5  0  262     0  0.749   0  
5  0  284     0  0.749   0  
5  0  3334    0  0.749   0  
5  0  3790    0  0.749   0  
5  0  3718    0  0.749   0  
5  0  3886    0  0.749   0  
5  0  3390    0  0.749   0  
5  0  3439    0  0.749   0  
5  0  328     0  0.749   0  
5  0  352     0  0.749   0  
5  0  3434    0  0.749   0  
5  0  3458    0  0.749   0  
5  0  3492    0  0.749   0  
5  0  3692    0  0.749   0  
5  0  3588    0  0.660   0  
5  0  12      0  0.660   0  
5  0  3744    0  0.660   0  
5  0  46      0  0.660   0  
5  0  3900    0  0.660   0  
5  0  3342    0  0.660   0  
5  0  3680    0  0.660   0  
5  0  103     0  0.660   0  
5  0  108     0  0.660   0  
5  0  3693    0  0.660   0  
5  0  114     0  0.660   0  
5  0  3349    0  0.660   0  
5  0  3868    0  0.660   0  
5  0  3939    0  0.660   0  
5  0  3769    0  0.660   0  
5  0  3775    0  0.660   0  
5  0  198     0  0.660   0  
5  0  3804    0  0.660   0  
5  0  3809    0  0.660   0  
5  0  3820    0  0.660   0  
5  0  3826    0  0.660   0  
5  0  244     0  0.660   0  
5  0  3838    0  0.660   0  
5  0  315     0  0.660   0  
5  0  3727    0  0.660   0  
5  0  3393    0  0.660   0  
5  0  3403    0  0.660   0  
5  0  3409    0  0.660   0  
5  0  3440    0  0.660   0  
5  0  3464    0  0.660   0  
5  0  3888    0  0.660   0  
5  0  3858    0  0.660   0  
5  0  3655    0  0.660   0  
5  0  3782    0  0.660   0  
5  0  3828    0  0.660   0  
5  0  3548    0  0.660   0  
5  0  3581    0  0.660   0  
5  0  3756    0  0.507   0  
5  0  15      0  0.507   0  
5  0  21      0  0.507   0  
5  0  23      0  0.507   0  
5  0  3853    0  0.507   0  
5  0  26      0  0.507   0  
5  0  27      0  0.507   0  
5  0  3612    0  0.507   0  
5  0  31      0  0.507   0  
5  0  36      0  0.507   0  
5  0  3761    0  0.507   0  
5  0  3624    0  0.507   0  
5  0  3625    0  0.507   0  
5  0  42      0  0.507   0  
5  0  3629    0  0.507   0  
5  0  3632    0  0.507   0  
5  0  53      0  0.507   0  
5  0  55      0  0.507   0  
5  0  64      0  0.507   0  
5  0  66      0  0.507   0  
5  0  69      0  0.507   0  
5  0  72      0  0.507   0  
5  0  73      0  0.507   0  
5  0  3658    0  0.507   0  
5  0  3659    0  0.507   0  
5  0  76      0  0.507   0  
5  0  79      0  0.507   0  
5  0  3855    0  0.507   0  
5  0  88      0  0.507   0  
5  0  3673    0  0.507   0  
5  0  3599    0  0.507   0  
5  0  3772    0  0.507   0  
5  0  111     0  0.507   0  
5  0  112     0  0.507   0  
5  0  3603    0  0.507   0  
5  0  118     0  0.507   0  
5  0  3703    0  0.507   0  
5  0  3706    0  0.507   0  
5  0  143     0  0.507   0  
5  0  3732    0  0.507   0  
5  0  3865    0  0.507   0  
5  0  3736    0  0.507   0  
5  0  155     0  0.507   0  
5  0  3742    0  0.507   0  
5  0  160     0  0.507   0  
5  0  3696    0  0.507   0  
5  0  165     0  0.507   0  
5  0  166     0  0.507   0  
5  0  172     0  0.507   0  
5  0  173     0  0.507   0  
5  0  3758    0  0.507   0  
5  0  177     0  0.507   0  
5  0  180     0  0.507   0  
5  0  182     0  0.507   0  
5  0  187     0  0.507   0  
5  0  3773    0  0.507   0  
5  0  3745    0  0.507   0  
5  0  195     0  0.507   0  
5  0  199     0  0.507   0  
5  0  3785    0  0.507   0  
5  0  3789    0  0.507   0  
5  0  3792    0  0.507   0  
5  0  3796    0  0.507   0  
5  0  3798    0  0.507   0  
5  0  3811    0  0.507   0  
5  0  3622    0  0.507   0  
5  0  3819    0  0.507   0  
5  0  241     0  0.507   0  
5  0  3827    0  0.507   0  
5  0  3829    0  0.507   0  
5  0  248     0  0.507   0  
5  0  3834    0  0.507   0  
5  0  3844    0  0.507   0  
5  0  3713    0  0.507   0  
5  0  265     0  0.507   0  
5  0  3338    0  0.507   0  
5  0  269     0  0.507   0  
5  0  271     0  0.507   0  
5  0  272     0  0.507   0  
5  0  3345    0  0.507   0  
5  0  277     0  0.507   0  
5  0  283     0  0.507   0  
5  0  3358    0  0.507   0  
5  0  3359    0  0.507   0  
5  0  289     0  0.507   0  
5  0  3875    0  0.507   0  
5  0  304     0  0.507   0  
5  0  3889    0  0.507   0  
5  0  3890    0  0.507   0  
5  0  308     0  0.507   0  
5  0  310     0  0.507   0  
5  0  312     0  0.507   0  
5  0  3386    0  0.507   0  
5  0  317     0  0.507   0  
5  0  3391    0  0.507   0  
5  0  3392    0  0.507   0  
5  0  3397    0  0.507   0  
5  0  3404    0  0.507   0  
5  0  3405    0  0.507   0  
5  0  343     0  0.507   0  
5  0  347     0  0.507   0  
5  0  351     0  0.507   0  
5  0  354     0  0.507   0  
5  0  361     0  0.507   0  
5  0  3436    0  0.507   0  
5  0  370     0  0.507   0  
5  0  374     0  0.507   0  
5  0  3450    0  0.507   0  
5  0  3337    0  0.507   0  
5  0  3463    0  0.507   0  
5  0  3467    0  0.507   0  
5  0  3475    0  0.507   0  
5  0  3478    0  0.507   0  
5  0  3396    0  0.507   0  
5  0  3493    0  0.507   0  
5  0  3850    0  0.507   0  
5  0  3510    0  0.507   0  
5  0  3517    0  0.507   0  
5  0  3521    0  0.507   0  
5  0  3527    0  0.507   0  
5  0  3660    0  0.507   0  
5  0  3442    0  0.507   0  
5  0  3535    0  0.507   0  
5  0  3536    0  0.507   0  
5  0  3544    0  0.507   0  
5  0  3407    0  0.507   0  
5  0  3551    0  0.507   0  
5  0  3560    0  0.507   0  
5  0  3567    0  0.507   0  
5  0  3568    0  0.507   0  
5  0  3570    0  0.507   0  
5  0  3574    0  0.507   0  
5  0  3576    0  0.507   0  
5  0  3579    0  0.507   0  
5  0  3580    0  0.507   0  
5  0  3669    0  0.507   0  
6  0  59      0  8.264   0  
6  0  3906    0  6.606   0  
6  0  30      0  5.065   0  
6  0  3910    0  4.433   0  
6  0  3930    0  3.314   0  
6  0  3919    0  2.728   0  
6  0  272     0  2.653   0  
6  0  3463    0  2.336   0  
6  0  3920    0  2.097   0  
6  0  3926    0  2.097   0  
6  0  3935    0  2.097   0  
6  0  160     0  1.796   0  
6  0  374     0  1.796   0  
6  0  3639    0  1.796   0  
6  0  3788    0  1.796   0  
6  0  3917    0  1.796   0  
6  0  145     0  1.796   0  
6  0  3909    0  1.796   0  
6  0  3782    0  1.796   0  
6  0  55      0  1.796   0  
7  0  3693    0  3.715   0  
7  0  3459    0  3.425   0  
7  0  287     0  3.385   0  
7  0  21      0  3.313   0  
7  0  3416    0  3.309   0  
7  0  3570    0  3.177   0  
7  0  3797    0  3.121   0  
7  0  3931    0  2.984   0  
7  0  3495    0  2.926   0  
7  0  3584    0  2.901   0  
7  0  146     0  2.900   0  
7  0  135     0  2.861   0  
7  0  134     0  2.802   0  
7  0  3785    0  2.725   0  
7  0  3494    0  2.708   0  
7  0  327     0  2.587   0  
7  0  139     0  2.548   0  
7  0  3929    0  2.542   0  
7  0  129     0  2.462   0  
7  0  3449    0  2.427   0  
7  0  308     0  2.412   0  
7  0  3935    0  2.385   0  
7  0  12      0  2.378   0  
7  0  141     0  2.371   0  
7  0  3915    0  2.369   0  
7  0  3384    0  2.342   0  
7  0  3458    0  2.322   0  
7  0  3804    0  2.319   0  
7  0  165     0  2.306   0  
7  0  126     0  2.286   0  
7  0  3438    0  2.286   0  
7  0  78      0  2.254   0  
7  0  186     0  2.253   0  
7  0  3468    0  2.242   0  
7  0  248     0  2.226   0  
7  0  3503    0  2.221   0  
7  0  280     0  2.215   0  
7  0  3694    0  2.201   0  
7  0  17      0  2.199   0  
7  0  3692    0  2.175   0  
7  0  19      0  2.143   0  
7  0  3701    0  2.143   0  
7  0  3567    0  2.093   0  
7  0  13      0  2.067   0  
7  0  14      0  2.035   0  
7  0  313     0  2.011   0  
7  0  3483    0  2.011   0  
7  0  3463    0  1.984   0  
7  0  23      0  1.972   0  
7  0  3812    0  1.972   0  
7  0  3642    0  1.968   0  
7  0  144     0  1.929   0  
7  0  3848    0  1.905   0  
7  0  3370    0  1.902   0  
7  0  138     0  1.895   0  
7  0  154     0  1.890   0  
7  0  3773    0  1.890   0  
7  0  3412    0  1.886   0  
7  0  250     0  1.883   0  
7  0  3796    0  1.862   0  
7  0  262     0  1.801   0  
7  0  268     0  1.801   0  
7  0  3916    0  1.801   0  
7  0  3756    0  1.781   0  
7  0  3823    0  1.781   0  
7  0  145     0  1.781   0  
7  0  3437    0  1.781   0  
7  0  341     0  1.774   0  
7  0  3563    0  1.770   0  
7  0  3936    0  1.750   0  
7  0  3443    0  1.742   0  
7  0  3695    0  1.742   0  
7  0  3794    0  1.742   0  
7  0  3937    0  1.742   0  
7  0  3388    0  1.703   0  
7  0  3439    0  1.703   0  
7  0  3927    0  1.703   0  
7  0  3932    0  1.703   0  
7  0  89      0  1.699   0  
7  0  140     0  1.699   0  
7  0  221     0  1.699   0  
7  0  3548    0  1.699   0  
7  0  15      0  1.653   0  
7  0  153     0  1.653   0  
7  0  163     0  1.653   0  
7  0  285     0  1.653   0  
7  0  329     0  1.653   0  
7  0  3800    0  1.653   0  
7  0  3596    0  1.649   0  
7  0  3833    0  1.629   0  
7  0  41      0  1.621   0  
7  0  3460    0  1.621   0  
7  0  3838    0  1.621   0  
7  0  3867    0  1.621   0  
7  0  3871    0  1.621   0  
7  0  3793    0  1.608   0  
7  0  374     0  1.585   0  
7  0  3566    0  1.585   0  
7  0  3580    0  1.585   0  
7  0  3795    0  1.582   0  
7  0  3448    0  1.566   0  
7  0  3418    0  1.558   0  
7  0  3569    0  1.558   0  
7  0  3938    0  1.558   0  
7  0  3716    0  1.526   0  
7  0  3792    0  1.526   0  
7  0  88      0  1.500   0  
7  0  128     0  1.500   0  
7  0  3406    0  1.500   0  
7  0  3559    0  1.500   0  
7  0  3608    0  1.500   0  
7  0  3774    0  1.500   0  
7  0  3868    0  1.500   0  
7  0  331     0  1.487   0  
7  0  3691    0  1.487   0  
7  0  46      0  1.462   0  
7  0  161     0  1.462   0  
7  0  162     0  1.462   0  
7  0  213     0  1.462   0  
7  0  3376    0  1.462   0  
7  0  3620    0  1.462   0  
7  0  3645    0  1.462   0  
7  0  3786    0  1.462   0  
7  0  3913    0  1.462   0  
7  0  3922    0  1.462   0  
7  0  3354    0  1.437   0  
7  0  3359    0  1.437   0  
7  0  3465    0  1.437   0  
7  0  3643    0  1.437   0  
7  0  3715    0  1.437   0  
7  0  3805    0  1.437   0  
7  0  3828    0  1.437   0  
7  0  247     0  1.380   0  
7  0  3441    0  1.380   0  
7  0  3585    0  1.380   0  
7  0  3766    0  1.380   0  
7  0  3769    0  1.380   0  
7  0  34      0  1.367   0  
7  0  86      0  1.367   0  
7  0  164     0  1.367   0  
7  0  336     0  1.367   0  
7  0  3327    0  1.367   0  
7  0  3404    0  1.367   0  
7  0  3593    0  1.367   0  
7  0  3602    0  1.367   0  
7  0  3830    0  1.367   0  
7  0  3574    0  1.353   0  
7  0  22      0  1.248   0  
7  0  40      0  1.248   0  
7  0  3440    0  1.248   0  
7  0  3450    0  1.248   0  
7  0  3484    0  1.248   0  
7  0  31      0  1.246   0  
7  0  45      0  1.246   0  
7  0  113     0  1.246   0  
7  0  118     0  1.246   0  
7  0  147     0  1.246   0  
7  0  171     0  1.246   0  
7  0  185     0  1.246   0  
7  0  198     0  1.246   0  
7  0  3336    0  1.246   0  
7  0  3348    0  1.246   0  
7  0  3445    0  1.246   0  
7  0  3462    0  1.246   0  
7  0  3471    0  1.246   0  
7  0  3536    0  1.246   0  
7  0  3568    0  1.246   0  
7  0  3576    0  1.246   0  
7  0  3588    0  1.246   0  
7  0  3754    0  1.246   0  
7  0  3798    0  1.246   0  
7  0  3862    0  1.246   0  
7  0  3895    0  1.246   0  
7  0  3834    0  1.099   0  
7  0  200     0  1.060   0  
7  0  265     0  1.060   0  
7  0  3335    0  1.060   0  
7  0  3353    0  1.060   0  
7  0  3386    0  1.060   0  
7  0  3417    0  1.060   0  
7  0  3435    0  1.060   0  
7  0  3447    0  1.060   0  
7  0  3451    0  1.060   0  
7  0  3587    0  1.060   0  
7  0  3619    0  1.060   0  
7  0  3657    0  1.060   0  
7  0  3718    0  1.060   0  
7  0  3870    0  1.060   0  
7  0  3919    0  0.948   0  
7  0  3369    0  0.884   0  
7  0  3923    0  0.861   0  
7  0  3921    0  0.848   0  
7  0  24      0  0.845   0  
7  0  33      0  0.845   0  
7  0  106     0  0.845   0  
7  0  132     0  0.845   0  
7  0  136     0  0.845   0  
7  0  172     0  0.845   0  
7  0  174     0  0.845   0  
7  0  346     0  0.845   0  
7  0  3340    0  0.845   0  
7  0  3357    0  0.845   0  
7  0  3401    0  0.845   0  
7  0  3431    0  0.845   0  
7  0  3452    0  0.845   0  
7  0  3551    0  0.845   0  
7  0  3640    0  0.845   0  
7  0  3711    0  0.845   0  
7  0  3713    0  0.845   0  
7  0  3729    0  0.845   0  
7  0  3755    0  0.845   0  
7  0  3758    0  0.845   0  
7  0  3763    0  0.845   0  
7  0  3783    0  0.845   0  
7  0  3808    0  0.845   0  
7  0  3847    0  0.845   0  
7  0  3851    0  0.845   0  
7  0  3872    0  0.845   0  
7  0  55      0  0.834   0  
7  0  311     0  0.819   0  
7  0  315     0  0.819   0  
7  0  3928    0  0.819   0  
7  0  3933    0  0.819   0  
7  0  314     0  0.784   0  
7  0  3572    0  0.784   0  
7  0  3907    0  0.784   0  
7  0  3911    0  0.784   0  
7  0  201     0  0.764   0  
7  0  372     0  0.764   0  
7  0  3434    0  0.764   0  
7  0  3714    0  0.764   0  
7  0  3791    0  0.764   0  
7  0  148     0  0.740   0  
7  0  151     0  0.740   0  
7  0  3788    0  0.740   0  
7  0  3917    0  0.740   0  
7  0  182     0  0.713   0  
7  0  312     0  0.713   0  
7  0  328     0  0.713   0  
7  0  3491    0  0.713   0  
7  0  3579    0  0.713   0  
7  0  3806    0  0.713   0  
7  0  3909    0  0.713   0  
7  0  3925    0  0.713   0  
7  0  20      0  0.682   0  
7  0  47      0  0.682   0  
7  0  91      0  0.682   0  
7  0  188     0  0.682   0  
7  0  318     0  0.682   0  
7  0  3337    0  0.682   0  
7  0  3358    0  0.682   0  
7  0  3367    0  0.682   0  
7  0  3444    0  0.682   0  
7  0  3604    0  0.682   0  
7  0  3787    0  0.682   0  
7  0  3912    0  0.682   0  
7  0  26      0  0.643   0  
7  0  142     0  0.643   0  
7  0  155     0  0.643   0  
7  0  176     0  0.643   0  
7  0  255     0  0.643   0  
7  0  323     0  0.643   0  
7  0  371     0  0.643   0  
7  0  3387    0  0.643   0  
7  0  3403    0  0.643   0  
7  0  3410    0  0.643   0  
7  0  3411    0  0.643   0  
7  0  3433    0  0.643   0  
7  0  3464    0  0.643   0  
7  0  3488    0  0.643   0  
7  0  3571    0  0.643   0  
7  0  3622    0  0.643   0  
7  0  3655    0  0.643   0  
7  0  3680    0  0.643   0  
7  0  3790    0  0.643   0  
7  0  3799    0  0.643   0  
7  0  3906    0  0.643   0  
7  0  3908    0  0.643   0  
7  0  3947    0  0.643   0  
7  0  32      0  0.593   0  
7  0  42      0  0.593   0  
7  0  59      0  0.593   0  
7  0  79      0  0.593   0  
7  0  101     0  0.593   0  
7  0  116     0  0.593   0  
7  0  131     0  0.593   0  
7  0  143     0  0.593   0  
7  0  166     0  0.593   0  
7  0  178     0  0.593   0  
7  0  214     0  0.593   0  
7  0  297     0  0.593   0  
7  0  317     0  0.593   0  
7  0  340     0  0.593   0  
7  0  366     0  0.593   0  
7  0  3334    0  0.593   0  
7  0  3368    0  0.593   0  
7  0  3407    0  0.593   0  
7  0  3413    0  0.593   0  
7  0  3485    0  0.593   0  
7  0  3586    0  0.593   0  
7  0  3628    0  0.593   0  
7  0  3630    0  0.593   0  
7  0  3646    0  0.593   0  
7  0  3810    0  0.593   0  
7  0  3845    0  0.593   0  
7  0  3849    0  0.593   0  
7  0  3852    0  0.593   0  
7  0  152     0  0.522   0  
7  0  184     0  0.522   0  
7  0  187     0  0.522   0  
7  0  321     0  0.522   0  
7  0  347     0  0.522   0  
7  0  367     0  0.522   0  
7  0  370     0  0.522   0  
7  0  3325    0  0.522   0  
7  0  3331    0  0.522   0  
7  0  3345    0  0.522   0  
7  0  3346    0  0.522   0  
7  0  3349    0  0.522   0  
7  0  3396    0  0.522   0  
7  0  3409    0  0.522   0  
7  0  3414    0  0.522   0  
7  0  3415    0  0.522   0  
7  0  3461    0  0.522   0  
7  0  3472    0  0.522   0  
7  0  3489    0  0.522   0  
7  0  3499    0  0.522   0  
7  0  3505    0  0.522   0  
7  0  3535    0  0.522   0  
7  0  3565    0  0.522   0  
7  0  3578    0  0.522   0  
7  0  3598    0  0.522   0  
7  0  3606    0  0.522   0  
7  0  3629    0  0.522   0  
7  0  3663    0  0.522   0  
7  0  3669    0  0.522   0  
7  0  3677    0  0.522   0  
7  0  3697    0  0.522   0  
7  0  3709    0  0.522   0  
7  0  3726    0  0.522   0  
7  0  3727    0  0.522   0  
7  0  3739    0  0.522   0  
7  0  3771    0  0.522   0  
7  0  3776    0  0.522   0  
7  0  3803    0  0.522   0  
7  0  3816    0  0.522   0  
7  0  3844    0  0.522   0  
7  0  3850    0  0.522   0  
7  0  3858    0  0.522   0  
7  0  3878    0  0.522   0  
7  0  3910    0  0.522   0  
7  0  3924    0  0.522   0  
7  0  3926    0  0.522   0  
7  0  25      0  0.401   0  
7  0  27      0  0.401   0  
7  0  28      0  0.401   0  
7  0  30      0  0.401   0  
7  0  35      0  0.401   0  
7  0  38      0  0.401   0  
7  0  39      0  0.401   0  
7  0  43      0  0.401   0  
7  0  44      0  0.401   0  
7  0  49      0  0.401   0  
7  0  54      0  0.401   0  
7  0  60      0  0.401   0  
7  0  94      0  0.401   0  
7  0  112     0  0.401   0  
7  0  115     0  0.401   0  
7  0  125     0  0.401   0  
7  0  130     0  0.401   0  
7  0  169     0  0.401   0  
7  0  179     0  0.401   0  
7  0  197     0  0.401   0  
7  0  199     0  0.401   0  
7  0  202     0  0.401   0  
7  0  209     0  0.401   0  
7  0  218     0  0.401   0  
7  0  220     0  0.401   0  
7  0  242     0  0.401   0  
7  0  243     0  0.401   0  
7  0  245     0  0.401   0  
7  0  251     0  0.401   0  
7  0  252     0  0.401   0  
7  0  304     0  0.401   0  
7  0  310     0  0.401   0  
7  0  335     0  0.401   0  
7  0  349     0  0.401   0  
7  0  351     0  0.401   0  
7  0  360     0  0.401   0  
7  0  3342    0  0.401   0  
7  0  3351    0  0.401   0  
7  0  3432    0  0.401   0  
7  0  3442    0  0.401   0  
7  0  3446    0  0.401   0  
7  0  3466    0  0.401   0  
7  0  3467    0  0.401   0  
7  0  3474    0  0.401   0  
7  0  3475    0  0.401   0  
7  0  3477    0  0.401   0  
7  0  3478    0  0.401   0  
7  0  3486    0  0.401   0  
7  0  3487    0  0.401   0  
7  0  3497    0  0.401   0  
7  0  3521    0  0.401   0  
7  0  3543    0  0.401   0  
7  0  3560    0  0.401   0  
7  0  3562    0  0.401   0  
7  0  3577    0  0.401   0  
7  0  3581    0  0.401   0  
7  0  3582    0  0.401   0  
7  0  3583    0  0.401   0  
7  0  3589    0  0.401   0  
7  0  3591    0  0.401   0  
7  0  3599    0  0.401   0  
7  0  3600    0  0.401   0  
7  0  3611    0  0.401   0  
7  0  3612    0  0.401   0  
7  0  3617    0  0.401   0  
7  0  3623    0  0.401   0  
7  0  3624    0  0.401   0  
7  0  3625    0  0.401   0  
7  0  3632    0  0.401   0  
7  0  3654    0  0.401   0  
7  0  3656    0  0.401   0  
7  0  3658    0  0.401   0  
7  0  3660    0  0.401   0  
7  0  3668    0  0.401   0  
7  0  3678    0  0.401   0  
7  0  3696    0  0.401   0  
7  0  3698    0  0.401   0  
7  0  3706    0  0.401   0  
7  0  3708    0  0.401   0  
7  0  3712    0  0.401   0  
7  0  3720    0  0.401   0  
7  0  3745    0  0.401   0  
7  0  3775    0  0.401   0  
7  0  3782    0  0.401   0  
7  0  3802    0  0.401   0  
7  0  3813    0  0.401   0  
7  0  3818    0  0.401   0  
7  0  3824    0  0.401   0  
7  0  3825    0  0.401   0  
7  0  3843    0  0.401   0  
7  0  3854    0  0.401   0  
7  0  3855    0  0.401   0  
7  0  3856    0  0.401   0  
7  0  3866    0  0.401   0  
7  0  3877    0  0.401   0  
7  0  3887    0  0.401   0  
7  0  3889    0  0.401   0  
7  0  3897    0  0.401   0  
7  0  3900    0  0.401   0  
7  0  3914    0  0.401   0  
7  0  3918    0  0.401   0  
7  0  3920    0  0.401   0  
7  0  3939    0  0.401   0  
8  0  3928    0  5.629   0  
8  0  135     0  3.675   0  
8  0  3915    0  3.555   0  
8  0  3856    0  3.437   0  
8  0  3914    0  3.321   0  
8  0  3933    0  2.940   0  
8  0  3935    0  2.925   0  
8  0  3674    0  2.821   0  
8  0  171     0  2.817   0  
8  0  3932    0  2.817   0  
8  0  3936    0  2.711   0  
8  0  3924    0  2.711   0  
8  0  3918    0  2.583   0  
8  0  140     0  2.512   0  
8  0  139     0  2.405   0  
8  0  3937    0  2.405   0  
8  0  3716    0  2.380   0  
8  0  3919    0  2.354   0  
8  0  3938    0  2.354   0  
8  0  3912    0  2.326   0  
8  0  3925    0  2.326   0  
8  0  3926    0  2.326   0  
8  0  3929    0  2.326   0  
8  0  3793    0  2.313   0  
8  0  137     0  2.297   0  
8  0  3906    0  2.231   0  
8  0  131     0  2.195   0  
8  0  3927    0  2.195   0  
8  0  3931    0  2.195   0  
8  0  3908    0  2.155   0  
8  0  216     0  2.133   0  
8  0  371     0  2.133   0  
8  0  30      0  2.111   0  
8  0  133     0  2.111   0  
8  0  3917    0  2.111   0  
8  0  138     0  2.063   0  
8  0  3870    0  2.063   0  
8  0  3910    0  2.063   0  
8  0  3920    0  2.063   0  
8  0  3872    0  2.009   0  
8  0  130     0  1.948   0  
8  0  3930    0  1.948   0  
8  0  3636    0  1.878   0  
8  0  3662    0  1.878   0  
8  0  3750    0  1.878   0  
8  0  351     0  1.878   0  
8  0  129     0  1.877   0  
8  0  134     0  1.877   0  
8  0  3909    0  1.877   0  
8  0  3916    0  1.877   0  
8  0  3911    0  1.877   0  
8  0  3871    0  1.793   0  
8  0  290     0  1.793   0  
8  0  3921    0  1.793   0  
8  0  3598    0  1.691   0  
8  0  136     0  1.691   0  
8  0  3757    0  1.691   0  
8  0  201     0  1.691   0  
8  0  202     0  1.691   0  
8  0  3376    0  1.691   0  
8  0  3934    0  1.691   0  
8  0  3913    0  1.691   0  
8  0  59      0  1.559   0  
8  0  3822    0  1.559   0  
8  0  3907    0  1.559   0  
8  0  3922    0  1.559   0  
8  0  49      0  1.444   0  
8  0  70      0  1.444   0  
8  0  106     0  1.444   0  
8  0  3724    0  1.444   0  
8  0  3749    0  1.444   0  
8  0  194     0  1.444   0  
8  0  241     0  1.444   0  
8  0  3826    0  1.444   0  
8  0  261     0  1.444   0  
8  0  265     0  1.444   0  
8  0  275     0  1.444   0  
8  0  3866    0  1.444   0  
8  0  3360    0  1.444   0  
8  0  3399    0  1.444   0  
8  0  336     0  1.444   0  
8  0  3409    0  1.444   0  
8  0  3449    0  1.444   0  
8  0  3403    0  1.444   0  
8  0  3543    0  1.444   0  
8  0  3553    0  1.444   0  
8  0  3554    0  1.444   0  
8  0  3652    0  1.373   0  
8  0  132     0  1.373   0  
8  0  324     0  1.373   0  
8  0  3923    0  1.373   0  
8  0  3431    0  1.373   0  
8  0  3944    0  1.373   0  
8  0  3506    0  1.373   0  
8  0  14      0  1.056   0  
8  0  16      0  1.056   0  
8  0  3670    0  1.056   0  
8  0  3694    0  1.056   0  
8  0  141     0  1.056   0  
8  0  366     0  1.056   0  
8  0  3734    0  1.056   0  
8  0  154     0  1.056   0  
8  0  157     0  1.056   0  
8  0  175     0  1.056   0  
8  0  3783    0  1.056   0  
8  0  210     0  1.056   0  
8  0  3841    0  1.056   0  
8  0  3851    0  1.056   0  
8  0  3720    0  1.056   0  
8  0  3379    0  1.056   0  
8  0  3389    0  1.056   0  
8  0  3412    0  1.056   0  
8  0  3438    0  1.056   0  
8  0  3441    0  1.056   0  
8  0  3479    0  1.056   0  
8  0  3540    0  1.056   0  
8  0  3569    0  1.056   0  
9  0  252     0  3.053   0  
9  0  351     0  3.002   0  
9  0  3648    0  2.710   0  
9  0  129     0  2.612   0  
9  0  3508    0  2.495   0  
9  0  3370    0  2.460   0  
9  0  101     0  2.370   0  
9  0  3443    0  2.330   0  
9  0  38      0  2.218   0  
9  0  216     0  2.169   0  
9  0  3409    0  2.128   0  
9  0  134     0  1.976   0  
9  0  3732    0  1.976   0  
9  0  173     0  1.976   0  
9  0  241     0  1.976   0  
9  0  3392    0  1.976   0  
9  0  3407    0  1.976   0  
9  0  3510    0  1.976   0  
9  0  1       0  1.469   0  
9  0  45      0  1.469   0  
9  0  80      0  1.469   0  
9  0  91      0  1.469   0  
9  0  127     0  1.469   0  
9  0  204     0  1.469   0  
9  0  250     0  1.469   0  
9  0  3328    0  1.469   0  
9  0  3843    0  1.469   0  
9  0  266     0  1.469   0  
9  0  3355    0  1.469   0  
9  0  3903    0  1.469   0  
9  0  3402    0  1.469   0  
9  0  334     0  1.469   0  
9  0  3446    0  1.469   0  
9  0  3582    0  1.469   0  
9  0  3503    0  1.225   0  
9  0  3437    0  1.167   0  
9  0  133     0  1.156   0  
9  0  3933    0  1.131   0  
9  0  3937    0  1.131   0  
9  0  3915    0  1.131   0  
9  0  3418    0  1.104   0  
9  0  3645    0  1.089   0  
9  0  3641    0  1.072   0  
9  0  255     0  1.072   0  
9  0  3410    0  1.055   0  
9  0  3926    0  1.014   0  
9  0  3897    0  1.014   0  
9  0  3417    0  1.014   0  
9  0  135     0  0.965   0  
9  0  138     0  0.965   0  
9  0  3412    0  0.965   0  
9  0  3413    0  0.965   0  
9  0  3495    0  0.965   0  
9  0  3931    0  0.936   0  
9  0  3936    0  0.936   0  
9  0  3908    0  0.936   0  
9  0  3793    0  0.936   0  
9  0  3920    0  0.936   0  
9  0  3445    0  0.936   0  
9  0  3912    0  0.936   0  
9  0  3786    0  0.936   0  
9  0  3746    0  0.902   0  
9  0  3929    0  0.902   0  
9  0  371     0  0.902   0  
9  0  327     0  0.902   0  
9  0  3401    0  0.902   0  
9  0  3435    0  0.902   0  
9  0  3509    0  0.902   0  
9  0  37      0  0.862   0  
9  0  3938    0  0.862   0  
9  0  139     0  0.862   0  
9  0  3947    0  0.862   0  
9  0  274     0  0.862   0  
9  0  3411    0  0.862   0  
9  0  3414    0  0.862   0  
9  0  3389    0  0.862   0  
9  0  335     0  0.862   0  
9  0  3415    0  0.813   0  
9  0  3602    0  0.813   0  
9  0  3642    0  0.813   0  
9  0  3726    0  0.813   0  
9  0  144     0  0.813   0  
9  0  153     0  0.813   0  
9  0  186     0  0.813   0  
9  0  3331    0  0.813   0  
9  0  213     0  0.813   0  
9  0  268     0  0.813   0  
9  0  270     0  0.813   0  
9  0  276     0  0.813   0  
9  0  3379    0  0.813   0  
9  0  3906    0  0.813   0  
9  0  3416    0  0.813   0  
9  0  3932    0  0.813   0  
9  0  3387    0  0.813   0  
9  0  375     0  0.813   0  
9  0  3449    0  0.813   0  
9  0  3459    0  0.813   0  
9  0  3460    0  0.813   0  
9  0  3699    0  0.813   0  
9  0  3924    0  0.813   0  
9  0  19      0  0.749   0  
9  0  71      0  0.749   0  
9  0  3907    0  0.749   0  
9  0  3788    0  0.749   0  
9  0  140     0  0.749   0  
9  0  188     0  0.749   0  
9  0  197     0  0.749   0  
9  0  206     0  0.749   0  
9  0  207     0  0.749   0  
9  0  224     0  0.749   0  
9  0  262     0  0.749   0  
9  0  3716    0  0.749   0  
9  0  284     0  0.749   0  
9  0  3334    0  0.749   0  
9  0  3790    0  0.749   0  
9  0  3718    0  0.749   0  
9  0  3886    0  0.749   0  
9  0  3390    0  0.749   0  
9  0  3439    0  0.749   0  
9  0  328     0  0.749   0  
9  0  352     0  0.749   0  
9  0  3434    0  0.749   0  
9  0  3458    0  0.749   0  
9  0  3492    0  0.749   0  
9  0  3692    0  0.749   0  
9  0  3919    0  0.749   0  
9  0  3911    0  0.749   0  
9  0  3921    0  0.749   0  
9  0  3588    0  0.660   0  
9  0  12      0  0.660   0  
9  0  14      0  0.660   0  
9  0  3928    0  0.660   0  
9  0  3744    0  0.660   0  
9  0  46      0  0.660   0  
9  0  3935    0  0.660   0  
9  0  3900    0  0.660   0  
9  0  3925    0  0.660   0  
9  0  3342    0  0.660   0  
9  0  3680    0  0.660   0  
9  0  103     0  0.660   0  
9  0  108     0  0.660   0  
9  0  3693    0  0.660   0  
9  0  3694    0  0.660   0  
9  0  114     0  0.660   0  
9  0  131     0  0.660   0  
9  0  137     0  0.660   0  
9  0  141     0  0.660   0  
9  0  3868    0  0.660   0  
9  0  3939    0  0.660   0  
9  0  3769    0  0.660   0  
9  0  3775    0  0.660   0  
9  0  198     0  0.660   0  
9  0  3804    0  0.660   0  
9  0  3809    0  0.660   0  
9  0  3349    0  0.660   0  
9  0  3820    0  0.660   0  
9  0  3757    0  0.660   0  
9  0  3826    0  0.660   0  
9  0  244     0  0.660   0  
9  0  3838    0  0.660   0  
9  0  3923    0  0.660   0  
9  0  3914    0  0.660   0  
9  0  315     0  0.660   0  
9  0  3727    0  0.660   0  
9  0  3393    0  0.660   0  
9  0  3910    0  0.660   0  
9  0  3403    0  0.660   0  
9  0  3916    0  0.660   0  
9  0  3440    0  0.660   0  
9  0  3464    0  0.660   0  
9  0  3888    0  0.660   0  
9  0  3858    0  0.660   0  
9  0  3909    0  0.660   0  
9  0  3655    0  0.660   0  
9  0  3782    0  0.660   0  
9  0  3506    0  0.660   0  
9  0  3913    0  0.660   0  
9  0  3828    0  0.660   0  
9  0  3548    0  0.660   0  
9  0  3922    0  0.660   0  
9  0  3569    0  0.660   0  
9  0  3581    0  0.660   0  
9  0  3756    0  0.507   0  
9  0  15      0  0.507   0  
9  0  21      0  0.507   0  
9  0  23      0  0.507   0  
9  0  3853    0  0.507   0  
9  0  26      0  0.507   0  
9  0  27      0  0.507   0  
9  0  3612    0  0.507   0  
9  0  3930    0  0.507   0  
9  0  30      0  0.507   0  
9  0  31      0  0.507   0  
9  0  36      0  0.507   0  
9  0  3761    0  0.507   0  
9  0  3624    0  0.507   0  
9  0  3625    0  0.507   0  
9  0  42      0  0.507   0  
9  0  3632    0  0.507   0  
9  0  53      0  0.507   0  
9  0  55      0  0.507   0  
9  0  3599    0  0.507   0  
9  0  3338    0  0.507   0  
9  0  64      0  0.507   0  
9  0  66      0  0.507   0  
9  0  69      0  0.507   0  
9  0  72      0  0.507   0  
9  0  73      0  0.507   0  
9  0  3658    0  0.507   0  
9  0  3659    0  0.507   0  
9  0  76      0  0.507   0  
9  0  79      0  0.507   0  
9  0  3855    0  0.507   0  
9  0  3670    0  0.507   0  
9  0  88      0  0.507   0  
9  0  3673    0  0.507   0  
9  0  3772    0  0.507   0  
9  0  111     0  0.507   0  
9  0  112     0  0.507   0  
9  0  3944    0  0.507   0  
9  0  3603    0  0.507   0  
9  0  118     0  0.507   0  
9  0  3703    0  0.507   0  
9  0  3706    0  0.507   0  
9  0  132     0  0.507   0  
9  0  136     0  0.507   0  
9  0  143     0  0.507   0  
9  0  3734    0  0.507   0  
9  0  3865    0  0.507   0  
9  0  3736    0  0.507   0  
9  0  154     0  0.507   0  
9  0  155     0  0.507   0  
9  0  3742    0  0.507   0  
9  0  3598    0  0.507   0  
9  0  160     0  0.507   0  
9  0  3696    0  0.507   0  
9  0  283     0  0.507   0  
9  0  165     0  0.507   0  
9  0  166     0  0.507   0  
9  0  171     0  0.507   0  
9  0  172     0  0.507   0  
9  0  3758    0  0.507   0  
9  0  177     0  0.507   0  
9  0  3927    0  0.507   0  
9  0  180     0  0.507   0  
9  0  3629    0  0.507   0  
9  0  182     0  0.507   0  
9  0  187     0  0.507   0  
9  0  3773    0  0.507   0  
9  0  3745    0  0.507   0  
9  0  195     0  0.507   0  
9  0  199     0  0.507   0  
9  0  3785    0  0.507   0  
9  0  202     0  0.507   0  
9  0  3789    0  0.507   0  
9  0  3792    0  0.507   0  
9  0  210     0  0.507   0  
9  0  3796    0  0.507   0  
9  0  3798    0  0.507   0  
9  0  3811    0  0.507   0  
9  0  3622    0  0.507   0  
9  0  3819    0  0.507   0  
9  0  3827    0  0.507   0  
9  0  3829    0  0.507   0  
9  0  248     0  0.507   0  
9  0  3844    0  0.507   0  
9  0  3713    0  0.507   0  
9  0  265     0  0.507   0  
9  0  269     0  0.507   0  
9  0  271     0  0.507   0  
9  0  272     0  0.507   0  
9  0  3345    0  0.507   0  
9  0  277     0  0.507   0  
9  0  3358    0  0.507   0  
9  0  3359    0  0.507   0  
9  0  289     0  0.507   0  
9  0  3875    0  0.507   0  
9  0  304     0  0.507   0  
9  0  3889    0  0.507   0  
9  0  3890    0  0.507   0  
9  0  308     0  0.507   0  
9  0  310     0  0.507   0  
9  0  312     0  0.507   0  
9  0  3386    0  0.507   0  
9  0  317     0  0.507   0  
9  0  324     0  0.507   0  
9  0  3397    0  0.507   0  
9  0  3404    0  0.507   0  
9  0  3405    0  0.507   0  
9  0  343     0  0.507   0  
9  0  347     0  0.507   0  
9  0  3934    0  0.507   0  
9  0  354     0  0.507   0  
9  0  3431    0  0.507   0  
9  0  361     0  0.507   0  
9  0  3436    0  0.507   0  
9  0  3438    0  0.507   0  
9  0  370     0  0.507   0  
9  0  3450    0  0.507   0  
9  0  3391    0  0.507   0  
9  0  3337    0  0.507   0  
9  0  3917    0  0.507   0  
9  0  3463    0  0.507   0  
9  0  3467    0  0.507   0  
9  0  3475    0  0.507   0  
9  0  3478    0  0.507   0  
9  0  3396    0  0.507   0  
9  0  3493    0  0.507   0  
9  0  3850    0  0.507   0  
9  0  3517    0  0.507   0  
9  0  3521    0  0.507   0  
9  0  3527    0  0.507   0  
9  0  3660    0  0.507   0  
9  0  3442    0  0.507   0  
9  0  3535    0  0.507   0  
9  0  3536    0  0.507   0  
9  0  3540    0  0.507   0  
9  0  3918    0  0.507   0  
9  0  3544    0  0.507   0  
9  0  3834    0  0.507   0  
9  0  3551    0  0.507   0  
9  0  374     0  0.507   0  
9  0  3560    0  0.507   0  
9  0  3567    0  0.507   0  
9  0  3568    0  0.507   0  
9  0  3570    0  0.507   0  
9  0  3574    0  0.507   0  
9  0  3576    0  0.507   0  
9  0  3579    0  0.507   0  
9  0  3580    0  0.507   0  
9  0  3669    0  0.507   0  
10 0  3524    0  4.825   0  
10 0  3876    0  4.751   0  
10 0  3527    0  4.562   0  
10 0  218     0  4.251   0  
10 0  3446    0  4.205   0  
10 0  3920    0  3.971   0  
10 0  3374    0  3.920   0  
10 0  3899    0  3.661   0  
10 0  66      0  3.603   0  
10 0  3412    0  3.429   0  
10 0  125     0  3.261   0  
10 0  290     0  3.246   0  
10 0  3751    0  3.157   0  
10 0  188     0  3.157   0  
10 0  3409    0  3.092   0  
10 0  3402    0  3.075   0  
10 0  3680    0  3.016   0  
10 0  356     0  2.914   0  
10 0  3368    0  2.819   0  
10 0  354     0  2.771   0  
10 0  241     0  2.646   0  
10 0  65      0  2.587   0  
10 0  3901    0  2.539   0  
10 0  3669    0  2.487   0  
10 0  106     0  2.486   0  
10 0  3887    0  2.486   0  
10 0  3405    0  2.486   0  
10 0  3529    0  2.486   0  
10 0  3793    0  2.474   0  
10 0  3496    0  2.474   0  
10 0  3449    0  2.451   0  
10 0  3546    0  2.451   0  
10 0  328     0  2.412   0  
10 0  3530    0  2.412   0  
10 0  265     0  2.385   0  
10 0  3946    0  2.385   0  
10 0  3771    0  2.339   0  
10 0  255     0  2.339   0  
10 0  98      0  2.254   0  
10 0  3806    0  2.254   0  
10 0  3724    0  2.219   0  
10 0  3344    0  2.188   0  
10 0  372     0  2.188   0  
10 0  3531    0  2.179   0  
10 0  3732    0  2.140   0  
10 0  3561    0  2.140   0  
10 0  3902    0  2.106   0  
10 0  3490    0  2.106   0  
10 0  115     0  2.044   0  
10 0  3776    0  2.044   0  
10 0  3896    0  2.044   0  
10 0  3543    0  2.044   0  
10 0  3443    0  1.947   0  
10 0  48      0  1.908   0  
10 0  3856    0  1.908   0  
10 0  3894    0  1.908   0  
10 0  335     0  1.908   0  
10 0  3672    0  1.878   0  
10 0  3619    0  1.675   0  
10 0  60      0  1.675   0  
10 0  3939    0  1.675   0  
10 0  85      0  1.675   0  
10 0  3674    0  1.675   0  
10 0  118     0  1.675   0  
10 0  3736    0  1.675   0  
10 0  3444    0  1.675   0  
10 0  215     0  1.675   0  
10 0  3854    0  1.675   0  
10 0  3631    0  1.675   0  
10 0  307     0  1.675   0  
10 0  311     0  1.675   0  
10 0  3383    0  1.675   0  
10 0  3427    0  1.675   0  
10 0  359     0  1.675   0  
10 0  3492    0  1.675   0  
10 0  3519    0  1.675   0  
10 0  3552    0  1.675   0  
10 0  3567    0  1.675   0  
10 0  91      0  1.606   0  
10 0  104     0  1.534   0  
10 0  3745    0  1.481   0  
10 0  3367    0  1.481   0  
10 0  3369    0  1.481   0  
10 0  3396    0  1.481   0  
10 0  3422    0  1.481   0  
10 0  352     0  1.481   0  
10 0  3548    0  1.481   0  
10 0  3722    0  1.447   0  
10 0  249     0  1.447   0  
10 0  293     0  1.447   0  
10 0  111     0  1.334   0  
10 0  225     0  1.334   0  
10 0  357     0  1.334   0  
10 0  3644    0  1.334   0  
10 0  251     0  1.237   0  
10 0  3399    0  1.237   0  
10 0  3932    0  1.237   0  
10 0  3437    0  1.237   0  
10 0  3407    0  1.237   0  
10 0  90      0  1.175   0  
10 0  36      0  1.175   0  
10 0  3762    0  1.175   0  
10 0  227     0  1.175   0  
10 0  236     0  1.175   0  
10 0  3695    0  1.175   0  
10 0  3734    0  1.141   0  
10 0  3359    0  1.141   0  
10 0  3432    0  1.141   0  
10 0  3645    0  1.141   0  
10 0  56      0  1.005   0  
10 0  3658    0  1.005   0  
10 0  102     0  1.005   0  
10 0  3727    0  1.005   0  
10 0  3737    0  1.005   0  
10 0  3773    0  1.005   0  
10 0  203     0  1.005   0  
10 0  252     0  1.005   0  
10 0  3360    0  1.005   0  
10 0  3372    0  1.005   0  
10 0  3900    0  1.005   0  
10 0  3393    0  1.005   0  
10 0  3931    0  1.005   0  
10 0  358     0  1.005   0  
10 0  370     0  1.005   0  
10 0  3463    0  1.005   0  
10 0  3895    0  1.005   0  
10 0  3504    0  1.005   0  
10 0  3535    0  1.005   0  
10 0  3537    0  1.005   0  
10 0  3408    0  1.005   0  
10 0  3585    0  0.903   0  
10 0  2       0  0.903   0  
10 0  46      0  0.903   0  
10 0  49      0  0.903   0  
10 0  52      0  0.903   0  
10 0  78      0  0.903   0  
10 0  92      0  0.903   0  
10 0  3693    0  0.903   0  
10 0  362     0  0.903   0  
10 0  3701    0  0.903   0  
10 0  123     0  0.903   0  
10 0  138     0  0.903   0  
10 0  3439    0  0.903   0  
10 0  282     0  0.903   0  
10 0  3766    0  0.903   0  
10 0  183     0  0.903   0  
10 0  3768    0  0.903   0  
10 0  193     0  0.903   0  
10 0  3532    0  0.903   0  
10 0  3365    0  0.903   0  
10 0  3741    0  0.903   0  
10 0  3348    0  0.903   0  
10 0  284     0  0.903   0  
10 0  3888    0  0.903   0  
10 0  3875    0  0.903   0  
10 0  305     0  0.903   0  
10 0  3893    0  0.903   0  
10 0  3636    0  0.903   0  
10 0  314     0  0.903   0  
10 0  318     0  0.903   0  
10 0  3440    0  0.903   0  
10 0  369     0  0.903   0  
10 0  375     0  0.903   0  
10 0  3647    0  0.903   0  
10 0  235     0  0.903   0  
10 0  3815    0  0.903   0  
10 0  3441    0  0.903   0  
10 0  3912    0  0.903   0  
10 0  270     0  0.903   0  
10 0  3403    0  0.903   0  
10 0  3459    0  0.903   0  
10 0  3588    0  0.772   0  
10 0  12      0  0.772   0  
10 0  15      0  0.772   0  
10 0  18      0  0.772   0  
10 0  38      0  0.772   0  
10 0  43      0  0.772   0  
10 0  47      0  0.772   0  
10 0  3639    0  0.772   0  
10 0  61      0  0.772   0  
10 0  62      0  0.772   0  
10 0  63      0  0.772   0  
10 0  64      0  0.772   0  
10 0  67      0  0.772   0  
10 0  75      0  0.772   0  
10 0  3660    0  0.772   0  
10 0  3668    0  0.772   0  
10 0  87      0  0.772   0  
10 0  3679    0  0.772   0  
10 0  100     0  0.772   0  
10 0  3696    0  0.772   0  
10 0  3891    0  0.772   0  
10 0  127     0  0.772   0  
10 0  141     0  0.772   0  
10 0  3733    0  0.772   0  
10 0  3735    0  0.772   0  
10 0  160     0  0.772   0  
10 0  192     0  0.772   0  
10 0  3787    0  0.772   0  
10 0  3780    0  0.772   0  
10 0  198     0  0.772   0  
10 0  204     0  0.772   0  
10 0  208     0  0.772   0  
10 0  3796    0  0.772   0  
10 0  214     0  0.772   0  
10 0  216     0  0.772   0  
10 0  217     0  0.772   0  
10 0  219     0  0.772   0  
10 0  221     0  0.772   0  
10 0  231     0  0.772   0  
10 0  295     0  0.772   0  
10 0  261     0  0.772   0  
10 0  262     0  0.772   0  
10 0  275     0  0.772   0  
10 0  3354    0  0.772   0  
10 0  286     0  0.772   0  
10 0  3371    0  0.772   0  
10 0  3373    0  0.772   0  
10 0  304     0  0.772   0  
10 0  3890    0  0.772   0  
10 0  3892    0  0.772   0  
10 0  310     0  0.772   0  
10 0  3397    0  0.772   0  
10 0  3401    0  0.772   0  
10 0  334     0  0.772   0  
10 0  3413    0  0.772   0  
10 0  3435    0  0.772   0  
10 0  3436    0  0.772   0  
10 0  3438    0  0.772   0  
10 0  3646    0  0.772   0  
10 0  3450    0  0.772   0  
10 0  3458    0  0.772   0  
10 0  3461    0  0.772   0  
10 0  3477    0  0.772   0  
10 0  3494    0  0.772   0  
10 0  3495    0  0.772   0  
10 0  3502    0  0.772   0  
10 0  3913    0  0.772   0  
10 0  3525    0  0.772   0  
10 0  3406    0  0.772   0  
10 0  3545    0  0.772   0  
10 0  3560    0  0.772   0  
